Wall time,Step,Value
1702437725.1377215,500,-101.99408721923828
1702437726.4488595,1000,-103.29951477050781
1702437727.7764306,1500,-103.29951477050781
1702437729.1132565,2000,-103.29951477050781
1702437730.42229,2500,-110.98506164550781
1702437731.7619565,3000,-110.98506164550781
1702437733.0872414,3500,-110.98506164550781
1702437734.413684,4000,-111.08914947509766
1702437735.726556,4500,-111.08914947509766
1702437737.080133,5000,-111.08914947509766
1702437738.4056942,5500,-109.8078384399414
1702437739.7170246,6000,-109.8078384399414
1702437741.0600548,6500,-109.8078384399414
1702437742.3689363,7000,-109.8078384399414
1702437743.6755745,7500,-109.05645751953125
1702437744.9845417,8000,-109.05645751953125
1702437746.3117683,8500,-109.05645751953125
1702437747.666214,9000,-108.26548767089844
1702437749.0353882,9500,-108.26548767089844
1702437750.5013888,10000,-108.26548767089844
1702437751.8275595,10500,-108.02163696289062
1702437753.154003,11000,-107.640869140625
1702437754.4665437,11500,-108.23393249511719
1702437755.8369596,12000,-106.63009643554688
1702437757.1594644,12500,-105.80906677246094
1702437758.515225,13000,-105.29963684082031
1702437759.8240445,13500,-104.82953643798828
1702437761.181352,14000,-104.6356201171875
1702437762.4925563,14500,-104.49571990966797
1702437763.7977388,15000,-104.41233825683594
1702437765.1407273,15500,-104.41233825683594
1702437766.478724,16000,-104.41233825683594
1702437767.8028264,16500,-104.49774932861328
1702437769.1301668,17000,-104.49774932861328
1702437770.4847553,17500,-104.49774932861328
1702437771.7790627,18000,-104.65409088134766
1702437773.1000514,18500,-104.7204818725586
1702437774.4268749,19000,-104.7204818725586
1702437775.7679071,19500,-104.7204818725586
1702437777.1107435,20000,-104.51901245117188
1702437778.416634,20500,-104.88481140136719
1702437780.0440652,21000,-104.7234115600586
1702437781.428133,21500,-104.7234115600586
1702437782.7701702,22000,-104.25689697265625
1702437784.1358504,22500,-104.09992980957031
1702437785.4502985,23000,-104.09992980957031
1702437786.791834,23500,-104.09992980957031
1702437788.1282518,24000,-103.90824890136719
1702437789.4469998,24500,-103.90824890136719
1702437790.7721136,25000,-103.90824890136719
1702437792.0998175,25500,-104.45732116699219
1702437793.4226828,26000,-104.45732116699219
1702437794.7326865,26500,-104.45732116699219
1702437796.0710318,27000,-104.41448211669922
1702437797.410952,27500,-104.41448211669922
1702437798.7549362,28000,-104.41448211669922
1702437800.0669782,28500,-104.07874298095703
1702437801.3889196,29000,-103.7940902709961
1702437802.725666,29500,-103.7940902709961
1702437804.0518458,30000,-103.7940902709961
1702437805.3776073,30500,-103.2913589477539
1702437806.7054887,31000,-103.35726165771484
1702437808.0168803,31500,-103.34545135498047
1702437809.4349866,32000,-103.34545135498047
1702437810.664412,32500,-103.34545135498047
1702437811.9072337,33000,-102.37171173095703
1702437813.2012496,33500,-102.37171173095703
1702437814.5000904,34000,-102.37171173095703
1702437815.828279,34500,-101.70832824707031
1702437817.1404297,35000,-101.70832824707031
1702437818.468833,35500,-101.70832824707031
1702437819.7959511,36000,-101.70832824707031
1702437821.120798,36500,-100.95521545410156
1702437822.4462562,37000,-100.95521545410156
1702437823.7399304,37500,-100.95521545410156
1702437825.0521014,38000,-100.25796508789062
1702437826.4086974,38500,-100.25796508789062
1702437827.7178288,39000,-100.25796508789062
1702437829.0460064,39500,-99.61566925048828
1702437830.3354194,40000,-99.61566925048828
1702437831.677036,40500,-99.61566925048828
1702437832.987019,41000,-98.71700286865234
1702437834.2922728,41500,-98.71700286865234
1702437835.6029847,42000,-98.71700286865234
1702437836.9279227,42500,-97.51751708984375
1702437838.2488372,43000,-97.59060668945312
1702437839.8005133,43500,-97.59060668945312
1702437841.189141,44000,-97.59060668945312
1702437842.501099,44500,-96.63331604003906
1702437843.792336,45000,-96.63331604003906
1702437845.1218119,45500,-96.63331604003906
1702437846.4617035,46000,-95.82149505615234
1702437847.7845242,46500,-95.82149505615234
1702437849.1412604,47000,-95.82149505615234
1702437850.4821877,47500,-95.52720642089844
1702437851.8365872,48000,-95.52720642089844
1702437853.1595235,48500,-95.52720642089844
1702437854.501632,49000,-95.01582336425781
1702437855.808146,49500,-95.01582336425781
1702437857.098273,50000,-95.01582336425781
1702437858.426345,50500,-95.01582336425781
1702437859.7627146,51000,-94.10371398925781
1702437861.0691433,51500,-94.10371398925781
1702437862.36235,52000,-93.6907958984375
1702437863.6859336,52500,-93.61964416503906
1702437864.9937792,53000,-93.39378356933594
1702437866.3199627,53500,-93.20453643798828
1702437867.6475148,54000,-93.03768920898438
1702437869.0240765,54500,-92.8551025390625
1702437870.503726,55000,-92.6571044921875
1702437871.8407443,55500,-92.72632598876953
1702437873.1309614,56000,-92.72632598876953
1702437874.4578376,56500,-92.72632598876953
1702437875.770597,57000,-91.15547180175781
1702437877.0637665,57500,-91.05888366699219
1702437878.3915231,58000,-91.05888366699219
1702437879.6968396,58500,-91.05888366699219
1702437881.0261,59000,-89.65938568115234
1702437882.3847122,59500,-89.759521484375
1702437883.7225325,60000,-89.759521484375
1702437885.0283103,60500,-89.759521484375
1702437886.3340886,61000,-89.759521484375
1702437887.6609402,61500,-87.9297103881836
1702437889.0009801,62000,-87.95989227294922
1702437890.343305,62500,-88.55416107177734
1702437891.6514704,63000,-88.73448181152344
1702437892.9896257,63500,-88.82701110839844
1702437894.335572,64000,-88.75709533691406
1702437895.6303425,64500,-89.1812515258789
1702437896.942423,65000,-89.17074584960938
1702437898.2675238,65500,-89.51158142089844
1702437899.8061752,66000,-90.20182037353516
1702437901.124388,66500,-90.20182037353516
1702437902.4634507,67000,-90.69898223876953
1702437903.7901871,67500,-90.83428955078125
1702437905.131226,68000,-91.66807556152344
1702437906.4673297,68500,-92.18446350097656
1702437907.813455,69000,-94.20858001708984
1702437909.149788,69500,-98.60104370117188
1702437910.4751325,70000,-100.81214904785156
1702437911.8346965,70500,-102.64968872070312
1702437913.172752,71000,-102.86021423339844
1702437914.4787862,71500,-102.86021423339844
1702437915.820545,72000,-102.86021423339844
1702437917.1432133,72500,-102.84326171875
1702437918.4182453,73000,-102.84326171875
1702437919.770972,73500,-102.84326171875
1702437921.097155,74000,-102.53163146972656
1702437922.4077,74500,-101.86490631103516
1702437923.7323036,75000,-101.50020599365234
1702437925.070531,75500,-102.07275390625
1702437926.4410534,76000,-103.7765884399414
1702437927.7837763,76500,-105.58894348144531
1702437929.2050354,77000,-105.41512298583984
1702437930.6888752,77500,-104.7606201171875
1702437932.0431738,78000,-104.96829986572266
1702437933.3696876,78500,-104.66532897949219
1702437934.6977851,79000,-104.2072525024414
1702437936.0340645,79500,-103.37733459472656
1702437937.361166,80000,-103.37733459472656
1702437938.6883543,80500,-103.37733459472656
1702437940.0125208,81000,-103.37733459472656
1702437941.3410406,81500,-103.2815933227539
1702437942.6544204,82000,-103.2815933227539
1702437943.9812331,82500,-103.2815933227539
1702437945.304479,83000,-103.42120361328125
1702437946.5995584,83500,-103.42120361328125
1702437947.9364715,84000,-103.42120361328125
1702437949.2746665,84500,-103.6056137084961
1702437950.612036,85000,-103.6056137084961
1702437951.9062903,85500,-103.6056137084961
1702437953.218699,86000,-103.42678833007812
1702437954.5167236,86500,-103.42678833007812
1702437955.8999734,87000,-103.42678833007812
1702437957.2226014,87500,-103.52747344970703
1702437958.5344923,88000,-103.52747344970703
1702437960.0952277,88500,-103.52747344970703
1702437961.406077,89000,-103.52747344970703
1702437962.7426007,89500,-103.60688781738281
1702437964.0399487,90000,-103.60688781738281
1702437965.3531332,90500,-103.60688781738281
1702437966.6627371,91000,-103.59910583496094
1702437967.9940739,91500,-103.59910583496094
1702437969.3314495,92000,-103.59910583496094
1702437970.6556997,92500,-103.57447052001953
1702437971.9816759,93000,-103.57447052001953
1702437973.2916613,93500,-103.57447052001953
1702437974.6350749,94000,-103.37088775634766
1702437975.972996,94500,-103.37088775634766
1702437977.2982726,95000,-103.37088775634766
1702437978.6032333,95500,-102.56826782226562
1702437979.897863,96000,-102.56826782226562
1702437981.225347,96500,-102.21978759765625
1702437982.549046,97000,-102.21978759765625
1702437983.854125,97500,-102.21978759765625
1702437985.2073436,98000,-101.09654235839844
1702437986.5301828,98500,-101.08931732177734
1702437987.8376222,99000,-101.08931732177734
1702437989.2465951,99500,-101.08931732177734
1702437990.6696358,100000,-100.854248046875
1702437991.9832785,100500,-100.854248046875
1702437993.3109734,101000,-100.854248046875
1702437994.64637,101500,-100.4593505859375
1702437995.9438438,102000,-100.4593505859375
1702437997.2380934,102500,-100.4593505859375
1702437998.559219,103000,-99.25501251220703
1702437999.8802319,103500,-99.25501251220703
1702438001.185587,104000,-99.25501251220703
1702438002.5393734,104500,-98.64753723144531
1702438003.863831,105000,-98.9564437866211
1702438005.171948,105500,-98.94868469238281
1702438006.466251,106000,-99.0738296508789
1702438007.7610037,106500,-99.0738296508789
1702438009.0848627,107000,-97.65200805664062
1702438010.3903165,107500,-97.65200805664062
1702438011.7164674,108000,-97.65200805664062
1702438013.024608,108500,-95.34848022460938
1702438014.3346066,109000,-94.7024917602539
1702438015.6280375,109500,-94.7024917602539
1702438016.9557137,110000,-94.7024917602539
1702438018.2676935,110500,-92.00231170654297
1702438019.609716,111000,-92.00231170654297
1702438020.837263,111500,-92.00231170654297
1702438022.085311,112000,-92.00231170654297
1702438023.4394028,112500,-90.38999938964844
1702438024.7601478,113000,-90.38999938964844
1702438026.0667894,113500,-90.38999938964844
1702438027.3795648,114000,-88.6473617553711
1702438028.7316356,114500,-89.42813873291016
1702438030.0260432,115000,-89.42813873291016
1702438031.3320975,115500,-89.42813873291016
1702438032.6424563,116000,-87.98133087158203
1702438033.9470556,116500,-87.98133087158203
1702438035.2580874,117000,-87.98133087158203
1702438036.5946362,117500,-84.9375
1702438037.9241374,118000,-84.24784851074219
1702438039.2164292,118500,-83.96871948242188
1702438040.5549293,119000,-84.5521469116211
1702438041.848087,119500,-84.5521469116211
1702438043.1867044,120000,-83.84843444824219
1702438044.510988,120500,-83.20215606689453
1702438045.8318703,121000,-82.75776672363281
1702438047.1596391,121500,-81.74806213378906
1702438048.4873476,122000,-81.31904602050781
1702438050.0030227,122500,-81.31904602050781
1702438051.263887,123000,-81.31904602050781
1702438052.460204,123500,-78.32830047607422
1702438053.7231667,124000,-78.32830047607422
1702438055.0475464,124500,-77.42391204833984
1702438056.341562,125000,-76.81074523925781
1702438057.6851714,125500,-76.81074523925781
1702438059.029184,126000,-76.81074523925781
1702438060.338463,126500,-74.4639892578125
1702438061.6624594,127000,-74.4639892578125
1702438062.9679992,127500,-74.4639892578125
1702438064.2759483,128000,-72.40409851074219
1702438065.5829222,128500,-72.40409851074219
1702438066.8760142,129000,-72.40409851074219
1702438068.20288,129500,-70.50393676757812
1702438069.5316308,130000,-70.50393676757812
1702438070.8549614,130500,-70.50393676757812
1702438072.1846466,131000,-70.50393676757812
1702438073.495583,131500,-66.873046875
1702438074.7917974,132000,-66.99845886230469
1702438076.1349738,132500,-66.99845886230469
1702438077.457311,133000,-65.39085388183594
1702438078.7669535,133500,-65.39085388183594
1702438080.341616,134000,-65.39085388183594
1702438081.6623511,134500,-63.91370391845703
1702438083.0371816,135000,-64.04395294189453
1702438084.3300114,135500,-64.04395294189453
1702438085.633115,136000,-64.04395294189453
1702438086.9558437,136500,-62.27687072753906
1702438088.2939827,137000,-61.78178024291992
1702438089.604598,137500,-61.78557586669922
1702438090.9301212,138000,-60.76016616821289
1702438092.2656844,138500,-62.385894775390625
1702438093.5627923,139000,-62.385894775390625
1702438094.874181,139500,-62.385894775390625
1702438096.1839404,140000,-60.39845275878906
1702438097.5090785,140500,-60.39845275878906
1702438098.8176913,141000,-60.39845275878906
1702438100.1436164,141500,-60.39845275878906
1702438101.4810462,142000,-60.48442840576172
1702438102.8091168,142500,-60.48442840576172
1702438104.1372685,143000,-60.48442840576172
1702438105.4772134,143500,-61.01162338256836
1702438106.785436,144000,-61.01162338256836
1702438108.1126373,144500,-61.01162338256836
1702438109.5434222,145000,-61.09467315673828
1702438110.9011786,145500,-61.09467315673828
1702438112.1897163,146000,-59.71037292480469
1702438113.4848688,146500,-59.71037292480469
1702438114.770286,147000,-59.35017395019531
1702438116.079791,147500,-58.917083740234375
1702438117.3933587,148000,-58.917083740234375
1702438118.7177384,148500,-58.917083740234375
1702438120.0438044,149000,-56.22179412841797
1702438121.3513932,149500,-56.104732513427734
1702438122.646817,150000,-56.104732513427734
1702438123.9567423,150500,-56.104732513427734
1702438125.2843797,151000,-54.28022003173828
1702438126.578818,151500,-54.28022003173828
1702438127.9166157,152000,-54.28022003173828
1702438129.245619,152500,-54.28022003173828
1702438130.5526092,153000,-53.53068923950195
1702438131.8471475,153500,-53.18706512451172
1702438133.173387,154000,-54.93879318237305
1702438134.4795089,154500,-58.74209213256836
1702438135.7893147,155000,-58.74209213256836
1702438137.0991802,155500,-58.74209213256836
1702438138.391991,156000,-58.74209213256836
1702438140.0316765,156500,-59.68109893798828
1702438141.3428943,157000,-63.30955123901367
1702438142.6391912,157500,-63.30955123901367
1702438143.995602,158000,-62.82680130004883
1702438145.3057315,158500,-61.81436538696289
1702438146.6153975,159000,-62.09245300292969
1702438147.9239762,159500,-61.87908172607422
1702438149.2674024,160000,-62.434906005859375
1702438150.591,160500,-63.10942077636719
1702438151.8978455,161000,-63.82768630981445
1702438153.209947,161500,-68.07917022705078
1702438154.563808,162000,-77.44119262695312
1702438155.9176548,162500,-78.9212875366211
1702438157.228086,163000,-78.23251342773438
1702438158.5534458,163500,-81.24195098876953
1702438159.907951,164000,-81.72770690917969
1702438161.2309244,164500,-81.38190460205078
1702438162.5422227,165000,-80.52592468261719
1702438163.8679829,165500,-79.70195770263672
1702438165.1929438,166000,-82.3956298828125
1702438166.5008876,166500,-84.2021713256836
1702438167.8245282,167000,-86.39257049560547
1702438169.2635186,167500,-85.8082275390625
1702438170.6299665,168000,-87.34725952148438
1702438171.840498,168500,-87.08428192138672
1702438173.061803,169000,-87.08428192138672
1702438174.3734982,169500,-87.08428192138672
1702438175.6885989,170000,-84.27472686767578
1702438176.979931,170500,-84.27472686767578
1702438178.322479,171000,-84.27472686767578
1702438179.6157975,171500,-82.51820373535156
1702438180.92485,172000,-82.51820373535156
1702438182.2175395,172500,-81.95813751220703
1702438183.52726,173000,-82.02728271484375
1702438184.8527415,173500,-82.02728271484375
1702438186.1623516,174000,-81.28888702392578
1702438187.4558053,174500,-81.28888702392578
1702438188.7658358,175000,-81.28888702392578
1702438190.0775988,175500,-81.28888702392578
1702438191.3829637,176000,-79.49333953857422
1702438192.6788557,176500,-79.70869445800781
1702438194.0189712,177000,-79.27054595947266
1702438195.3297572,177500,-78.47412872314453
1702438196.63807,178000,-78.47412872314453
1702438197.963964,178500,-78.47412872314453
1702438199.3765976,179000,-76.94600677490234
1702438200.8181171,179500,-80.19680786132812
1702438202.1265817,180000,-80.19680786132812
1702438203.485418,180500,-80.19680786132812
1702438204.8256288,181000,-79.0476303100586
1702438206.1530867,181500,-78.84200286865234
1702438207.4574757,182000,-78.50879669189453
1702438208.7803578,182500,-78.50879669189453
1702438210.1098266,183000,-77.8495864868164
1702438211.4170566,183500,-77.8495864868164
1702438212.7366068,184000,-77.38801574707031
1702438214.125159,184500,-77.52206420898438
1702438215.4371223,185000,-78.71507263183594
1702438216.7493901,185500,-78.91868591308594
1702438218.0959053,186000,-79.90469360351562
1702438219.4089289,186500,-79.90469360351562
1702438220.7329571,187000,-79.90469360351562
1702438222.0851958,187500,-79.18866729736328
1702438223.3911755,188000,-79.18866729736328
1702438224.6980672,188500,-79.18866729736328
1702438226.0393329,189000,-79.18866729736328
1702438227.3447332,189500,-77.99899291992188
1702438228.6551266,190000,-77.99899291992188
1702438230.106239,190500,-77.55142974853516
1702438231.3084035,191000,-77.55142974853516
1702438232.5283659,191500,-77.55142974853516
1702438233.7905214,192000,-77.55142974853516
1702438235.0967212,192500,-75.81368255615234
1702438236.417245,193000,-75.81368255615234
1702438237.728627,193500,-75.81368255615234
1702438239.0570676,194000,-73.0096664428711
1702438240.3825524,194500,-73.0096664428711
1702438241.688249,195000,-73.0096664428711
1702438243.1032887,195500,-70.75919342041016
1702438244.446499,196000,-71.01094818115234
1702438245.7416255,196500,-70.52488708496094
1702438247.0508938,197000,-70.52488708496094
1702438248.3570201,197500,-70.52488708496094
1702438249.6826437,198000,-68.08995819091797
1702438251.019644,198500,-68.08995819091797
1702438252.3168008,199000,-68.08995819091797
1702438253.6283114,199500,-65.52579498291016
1702438254.9377983,200000,-65.52579498291016
1702438256.275324,200500,-65.52579498291016
1702438257.6032946,201000,-63.844322204589844
1702438258.9100497,201500,-63.844322204589844
1702438260.4385002,202000,-63.844322204589844
1702438261.7506971,202500,-61.63420104980469
1702438263.071381,203000,-61.63420104980469
1702438264.4318795,203500,-61.63420104980469
1702438265.742964,204000,-61.63420104980469
1702438267.0819974,204500,-60.76857376098633
1702438268.409323,205000,-60.76857376098633
1702438269.7169003,205500,-60.76857376098633
1702438271.041575,206000,-60.74195861816406
1702438272.3954158,206500,-60.74195861816406
1702438273.767835,207000,-60.74195861816406
1702438275.0940843,207500,-60.835391998291016
1702438276.420896,208000,-60.835391998291016
1702438277.732738,208500,-60.835391998291016
1702438279.0691204,209000,-60.568424224853516
1702438280.3909068,209500,-60.568424224853516
1702438281.7172205,210000,-60.568424224853516
1702438283.0229633,210500,-59.694854736328125
1702438284.3334436,211000,-59.694854736328125
1702438285.6870244,211500,-59.694854736328125
1702438286.9842122,212000,-59.694854736328125
1702438288.2967446,212500,-58.60062789916992
1702438289.786947,213000,-58.60062789916992
1702438291.1186657,213500,-58.60062789916992
1702438292.442723,214000,-55.881744384765625
1702438293.7626843,214500,-55.881744384765625
1702438295.096327,215000,-55.881744384765625
1702438296.4538758,215500,-55.881744384765625
1702438297.8079398,216000,-53.146419525146484
1702438299.1358361,216500,-53.146419525146484
1702438300.459945,217000,-53.146419525146484
1702438301.7658088,217500,-51.08962631225586
1702438303.10886,218000,-51.08962631225586
1702438304.4183953,218500,-51.08962631225586
1702438305.7131245,219000,-48.21419143676758
1702438307.0219758,219500,-48.21419143676758
1702438308.348778,220000,-46.99361801147461
1702438309.6615758,220500,-46.99361801147461
1702438310.9659777,221000,-46.99361801147461
1702438312.2623749,221500,-44.274723052978516
1702438313.5713937,222000,-43.98158264160156
1702438314.883904,222500,-44.13124465942383
1702438316.1956758,223000,-43.09029769897461
1702438317.4936745,223500,-43.74856948852539
1702438318.8223104,224000,-43.74856948852539
1702438320.282612,224500,-43.74856948852539
1702438321.4925976,225000,-42.70953369140625
1702438322.7405074,225500,-42.649478912353516
1702438324.0476534,226000,-44.1297721862793
1702438325.384936,226500,-44.59614181518555
1702438326.7133887,227000,-44.229278564453125
1702438328.036344,227500,-45.04362487792969
1702438329.3742948,228000,-45.97666931152344
1702438330.6975224,228500,-45.97666931152344
1702438332.0107,229000,-45.97666931152344
1702438333.3349097,229500,-45.18040084838867
1702438334.6598058,230000,-45.18040084838867
1702438335.97085,230500,-45.18040084838867
1702438337.298659,231000,-43.888675689697266
1702438338.6106508,231500,-43.888675689697266
1702438339.9219952,232000,-43.888675689697266
1702438341.2310832,232500,-43.397369384765625
1702438342.5538974,233000,-48.193695068359375
1702438343.8781052,233500,-57.53696823120117
1702438345.191017,234000,-59.39955520629883
1702438346.516895,234500,-59.39955520629883
1702438347.886197,235000,-59.39955520629883
1702438349.278223,235500,-62.70326614379883
1702438350.6082551,236000,-62.97470474243164
1702438351.809835,236500,-62.97470474243164
1702438353.0592344,237000,-62.97470474243164
1702438354.3647408,237500,-63.06364440917969
1702438355.6718884,238000,-63.06364440917969
1702438356.996281,238500,-63.06364440917969
1702438358.319943,239000,-63.63972854614258
1702438359.6449668,239500,-65.04267883300781
1702438360.9848366,240000,-65.04267883300781
1702438362.3284283,240500,-65.04267883300781
1702438363.6818247,241000,-70.51300048828125
1702438364.9866753,241500,-70.51300048828125
1702438366.327381,242000,-70.51300048828125
1702438367.6408744,242500,-72.78948211669922
1702438369.0101302,243000,-72.78948211669922
1702438370.323048,243500,-72.78948211669922
1702438371.6165514,244000,-72.5832290649414
1702438372.973539,244500,-73.00340270996094
1702438374.2980769,245000,-73.00340270996094
1702438375.6073678,245500,-73.00340270996094
1702438376.9159174,246000,-77.92144775390625
1702438378.2397878,246500,-77.92144775390625
1702438379.6905618,247000,-77.92144775390625
1702438380.9511137,247500,-79.17839050292969
1702438382.1806107,248000,-79.17839050292969
1702438383.4240797,248500,-79.17839050292969
1702438384.725947,249000,-81.22903442382812
1702438386.0598874,249500,-82.17411041259766
1702438387.385013,250000,-82.17411041259766
1702438388.7099898,250500,-82.17411041259766
1702438390.0040488,251000,-80.98111724853516
1702438391.330861,251500,-80.98111724853516
1702438392.6550453,252000,-80.70354461669922
1702438393.9633474,252500,-80.70354461669922
1702438395.274848,253000,-80.70354461669922
1702438396.5840151,253500,-78.5627212524414
1702438397.8913796,254000,-78.5627212524414
1702438399.2331789,254500,-78.5627212524414
1702438400.545633,255000,-80.93087768554688
1702438401.8669863,255500,-80.87648010253906
1702438403.2092001,256000,-80.87648010253906
1702438404.498469,256500,-80.87648010253906
1702438405.825412,257000,-79.1956558227539
1702438407.15098,257500,-79.1956558227539
1702438408.4454358,258000,-79.1956558227539
1702438410.0558646,258500,-86.03274536132812
1702438411.3789647,259000,-86.03274536132812
1702438412.6703956,259500,-86.03274536132812
1702438413.99197,260000,-86.03274536132812
1702438415.2945423,260500,-84.60667419433594
1702438416.6380143,261000,-84.60667419433594
1702438417.9463227,261500,-84.60667419433594
1702438419.270265,262000,-85.53492736816406
1702438420.575159,262500,-85.53492736816406
1702438421.9289901,263000,-84.99822235107422
1702438423.2515442,263500,-83.81007385253906
1702438424.557308,264000,-83.81007385253906
1702438425.8667684,264500,-83.81007385253906
1702438427.1941593,265000,-83.81007385253906
1702438428.4863317,265500,-81.92028045654297
1702438429.7810514,266000,-81.92028045654297
1702438431.0762763,266500,-81.92028045654297
1702438432.400383,267000,-81.1659927368164
1702438433.7128558,267500,-82.81222534179688
1702438435.0189936,268000,-82.2761459350586
1702438436.362133,268500,-82.2761459350586
1702438437.672385,269000,-82.2761459350586
1702438439.0127144,269500,-80.36876678466797
1702438440.4092054,270000,-80.36876678466797
1702438441.6439798,270500,-80.36876678466797
1702438442.872438,271000,-80.53004455566406
1702438444.1457574,271500,-80.46664428710938
1702438445.4901993,272000,-80.46664428710938
1702438446.8129468,272500,-80.46664428710938
1702438448.1049623,273000,-79.2497329711914
1702438449.4735851,273500,-79.2497329711914
1702438450.7672143,274000,-79.2497329711914
1702438452.088656,274500,-77.80052947998047
1702438453.4007185,275000,-78.21611022949219
1702438454.727047,275500,-78.15889739990234
1702438456.0651064,276000,-78.15889739990234
1702438457.372923,276500,-80.30303192138672
1702438458.6939669,277000,-81.21185302734375
1702438460.0163608,277500,-81.21185302734375
1702438461.3089926,278000,-80.01236724853516
1702438462.6290483,278500,-79.71904754638672
1702438463.9851263,279000,-79.6208724975586
1702438465.297165,279500,-79.18894958496094
1702438466.6018693,280000,-79.18894958496094
1702438467.8966966,280500,-79.18894958496094
1702438469.2633054,281000,-76.7666015625
1702438470.7969093,281500,-76.87724304199219
1702438472.1364632,282000,-76.87724304199219
1702438473.4636009,282500,-76.87724304199219
1702438474.7831807,283000,-75.32513427734375
1702438476.097534,283500,-75.61919403076172
1702438477.4234097,284000,-75.3093490600586
1702438478.7945564,284500,-75.79763793945312
1702438480.1026795,285000,-77.66413116455078
1702438481.4113429,285500,-77.66413116455078
1702438482.7519355,286000,-78.0909194946289
1702438484.0627575,286500,-77.79051208496094
1702438485.357269,287000,-77.79051208496094
1702438486.6853287,287500,-77.79051208496094
1702438488.0082283,288000,-81.33841705322266
1702438489.315972,288500,-84.43070983886719
1702438490.6538446,289000,-90.93978881835938
1702438491.9971209,289500,-95.40423583984375
1702438493.3199675,290000,-95.66971588134766
1702438494.6265142,290500,-97.91569519042969
1702438495.9538615,291000,-98.80887603759766
1702438497.2660623,291500,-100.11067962646484
1702438498.620741,292000,-99.79312133789062
1702438500.1119056,292500,-100.04686737060547
1702438501.309287,293000,-100.66761779785156
1702438502.5117364,293500,-101.63479614257812
1702438503.7926667,294000,-102.06205749511719
1702438505.1176732,294500,-102.19461822509766
1702438506.471779,295000,-101.5999526977539
1702438507.7840266,295500,-101.26448822021484
1702438509.0876153,296000,-101.84833526611328
1702438510.4118726,296500,-102.57740020751953
1702438511.7365706,297000,-104.56410217285156
1702438513.0167449,297500,-106.21455383300781
1702438514.3441453,298000,-105.62718963623047
1702438515.6361864,298500,-105.41692352294922
1702438516.9735878,299000,-105.16820526123047
1702438518.2856212,299500,-106.4664306640625
1702438519.5932708,300000,-106.34657287597656
1702438520.9018774,300500,-106.36419677734375
1702438522.2105775,301000,-106.77101135253906
1702438523.5333276,301500,-107.35614776611328
1702438524.8458042,302000,-107.6558609008789
1702438526.1421614,302500,-107.6558609008789
1702438527.4841726,303000,-108.5667495727539
1702438528.779916,303500,-108.5667495727539
1702438530.348612,304000,-109.45175170898438
1702438531.6718795,304500,-109.45175170898438
1702438532.9964683,305000,-111.35342407226562
1702438534.305773,305500,-111.7458724975586
1702438535.629574,306000,-113.12124633789062
1702438536.9397714,306500,-113.95257568359375
1702438538.2498014,307000,-113.95257568359375
1702438539.5919895,307500,-114.71759033203125
1702438540.9144442,308000,-115.09820556640625
1702438542.2123141,308500,-115.5521240234375
1702438543.5528624,309000,-115.80989837646484
1702438544.876306,309500,-116.42573547363281
1702438546.206542,310000,-116.33824157714844
1702438547.5142546,310500,-116.2562255859375
1702438548.851683,311000,-116.36478424072266
1702438550.2064042,311500,-116.92334747314453
1702438551.52944,312000,-116.98614501953125
1702438552.8525755,312500,-117.05174255371094
1702438554.1904998,313000,-117.59623718261719
1702438555.5612817,313500,-118.4408950805664
1702438556.9186308,314000,-119.61821746826172
1702438558.2306986,314500,-120.70135498046875
1702438559.667242,315000,-121.68985748291016
1702438561.0729175,315500,-122.10404968261719
1702438562.3847709,316000,-122.860107421875
1702438563.689801,316500,-122.77264404296875
1702438564.9896173,317000,-121.40818786621094
1702438566.3131382,317500,-120.39822387695312
1702438567.6407003,318000,-119.82354736328125
1702438568.9940188,318500,-118.8057632446289
1702438570.3325274,319000,-117.54108428955078
1702438571.6418793,319500,-117.45891571044922
1702438572.9530962,320000,-117.15630340576172
1702438574.2436252,320500,-117.66796112060547
1702438575.5560918,321000,-117.40485382080078
1702438576.8621225,321500,-118.46817779541016
1702438578.1886473,322000,-118.38822174072266
1702438579.513259,322500,-118.727294921875
1702438580.8382535,323000,-119.2209701538086
1702438582.1648464,323500,-119.45185089111328
1702438583.4712825,324000,-119.91062927246094
1702438584.7778497,324500,-120.3721923828125
1702438586.089902,325000,-120.72237396240234
1702438587.4164312,325500,-121.32292175292969
1702438588.7422345,326000,-121.3045883178711
1702438590.1253335,326500,-121.43767547607422
1702438591.3296125,327000,-121.5687255859375
1702438592.572081,327500,-121.87816619873047
1702438593.8383448,328000,-121.87816619873047
1702438595.1506042,328500,-122.1543960571289
1702438596.4569817,329000,-122.12291717529297
1702438597.7782369,329500,-122.51017761230469
1702438599.1196232,330000,-122.78076934814453
1702438600.4431925,330500,-122.589111328125
1702438601.7963765,331000,-122.29814910888672
1702438603.1491125,331500,-121.92252349853516
1702438604.5024674,332000,-121.62853240966797
1702438605.827965,332500,-121.0113754272461
1702438607.154691,333000,-120.85247802734375
1702438608.481072,333500,-121.05113983154297
1702438609.8088949,334000,-119.12068939208984
1702438611.1375482,334500,-118.74951171875
1702438612.4636612,335000,-118.02083587646484
1702438613.807246,335500,-117.71288299560547
1702438615.1182225,336000,-116.74678802490234
1702438616.4448102,336500,-116.22705841064453
1702438617.7841494,337000,-116.17166137695312
1702438619.1226897,337500,-116.56703186035156
1702438620.5217814,338000,-117.192626953125
1702438621.7650902,338500,-117.68863677978516
1702438622.99347,339000,-117.51178741455078
1702438624.2989607,339500,-117.2120132446289
1702438625.6297464,340000,-116.34365844726562
1702438626.9706445,340500,-115.57067108154297
1702438628.3065987,341000,-115.00902557373047
1702438629.6329062,341500,-114.68942260742188
1702438630.9581184,342000,-114.07942199707031
1702438632.269856,342500,-113.96206665039062
1702438633.577661,343000,-113.63536834716797
1702438634.8842537,343500,-113.32295989990234
1702438636.211595,344000,-113.07762908935547
1702438637.5550406,344500,-112.25465393066406
1702438638.8941574,345000,-112.0743637084961
1702438640.201062,345500,-111.54225158691406
1702438641.5064974,346000,-111.6007080078125
1702438642.833564,346500,-110.98686981201172
1702438644.1593874,347000,-111.39636993408203
1702438645.4565659,347500,-111.53321075439453
1702438646.7780757,348000,-112.10265350341797
1702438648.0909522,348500,-112.46910858154297
1702438649.5457106,349000,-113.12190246582031
1702438651.0039008,349500,-113.88848876953125
1702438652.3137524,350000,-114.82038879394531
1702438653.6712284,350500,-114.81208038330078
1702438655.015677,351000,-114.87657928466797
1702438656.3399312,351500,-115.02433776855469
1702438657.6524322,352000,-115.26173400878906
1702438659.0098395,352500,-115.82646179199219
1702438660.37015,353000,-116.4808578491211
1702438661.6924295,353500,-116.52233123779297
1702438663.020053,354000,-116.65788269042969
1702438664.3119133,354500,-116.94671630859375
1702438665.6690872,355000,-116.89493560791016
1702438666.963663,355500,-117.87860870361328
1702438668.2931027,356000,-117.74149322509766
1702438669.6037405,356500,-118.19259643554688
1702438670.912571,357000,-118.19259643554688
1702438672.2224643,357500,-118.19259643554688
1702438673.5471346,358000,-118.19259643554688
1702438674.8648176,358500,-117.91056823730469
1702438676.1893508,359000,-117.91056823730469
1702438677.4806852,359500,-117.91056823730469
1702438678.7909503,360000,-117.71453857421875
1702438680.343257,360500,-117.098876953125
1702438681.6878622,361000,-115.78738403320312
1702438683.009317,361500,-116.15068054199219
1702438684.3626368,362000,-115.79071807861328
1702438685.7288184,362500,-114.54739379882812
1702438687.1033957,363000,-112.9721450805664
1702438688.4608116,363500,-113.30906677246094
1702438689.802889,364000,-113.05269622802734
1702438691.12859,364500,-112.45184326171875
1702438692.43415,365000,-110.4288101196289
1702438693.7713826,365500,-109.41046905517578
1702438695.1085713,366000,-108.57719421386719
1702438696.419052,366500,-107.99234771728516
1702438697.7760384,367000,-107.31605529785156
1702438699.0879767,367500,-107.27024841308594
1702438700.4158945,368000,-107.34217834472656
1702438701.7747653,368500,-107.36255645751953
1702438703.0687234,369000,-107.23336791992188
1702438704.372886,369500,-107.08757781982422
1702438705.6868322,370000,-107.15068054199219
1702438707.0245361,370500,-106.80782318115234
1702438708.3522606,371000,-106.00601959228516
1702438709.8454235,371500,-105.51899719238281
1702438711.228152,372000,-105.36418914794922
1702438712.5497026,372500,-105.41978454589844
1702438713.8751912,373000,-105.82394409179688
1702438715.186467,373500,-106.00325775146484
1702438716.5042791,374000,-106.41136932373047
1702438717.8306298,374500,-106.65061950683594
1702438719.1673791,375000,-106.93567657470703
1702438720.4792752,375500,-107.28345489501953
1702438721.7904842,376000,-107.15769958496094
1702438723.1169074,376500,-107.01293182373047
1702438724.4247792,377000,-107.12703704833984
1702438725.7425272,377500,-107.69863891601562
1702438727.0697627,378000,-107.69513702392578
1702438728.3927,378500,-108.19270324707031
1702438729.7517526,379000,-108.86505126953125
1702438731.0896714,379500,-108.93704223632812
1702438732.4019277,380000,-109.30463409423828
1702438733.7299006,380500,-110.31536102294922
1702438735.054702,381000,-110.7395248413086
1702438736.3648612,381500,-110.91617584228516
1702438737.6558855,382000,-110.91617584228516
1702438738.9476342,382500,-111.6192626953125
1702438740.4833956,383000,-111.6192626953125
1702438741.806166,383500,-111.6192626953125
1702438743.0961058,384000,-112.04893493652344
1702438744.4056227,384500,-112.7903823852539
1702438745.7015903,385000,-113.35124969482422
1702438747.02643,385500,-113.77359771728516
1702438748.35508,386000,-113.96102905273438
1702438749.6820312,386500,-115.02528381347656
1702438751.0085008,387000,-115.50423431396484
1702438752.3045938,387500,-116.40148162841797
1702438753.6122782,388000,-117.04854583740234
1702438754.9211905,388500,-117.60395812988281
1702438756.228885,389000,-117.80419921875
1702438757.5693965,389500,-118.63972473144531
1702438758.8955357,390000,-118.71167755126953
1702438760.2218392,390500,-119.1920166015625
1702438761.531736,391000,-118.68667602539062
1702438762.8528833,391500,-118.65557861328125
1702438764.1624544,392000,-118.90752410888672
1702438765.4708467,392500,-119.19882202148438
1702438766.830795,393000,-119.1121826171875
1702438768.1384985,393500,-119.25242614746094
1702438769.5193443,394000,-119.25242614746094
1702438770.8463683,394500,-119.25242614746094
1702438772.0265183,395000,-119.21260070800781
1702438773.2704651,395500,-119.21260070800781
1702438774.561183,396000,-119.21260070800781
1702438775.857463,396500,-119.21260070800781
1702438777.1633856,397000,-119.62564849853516
1702438778.488303,397500,-120.45648193359375
1702438779.7973623,398000,-120.99340057373047
1702438781.089361,398500,-121.73066711425781
1702438782.3693917,399000,-122.14540100097656
1702438783.7231662,399500,-122.70697784423828
1702438785.044368,400000,-123.79191589355469
1702438786.3522427,400500,-124.38311767578125
1702438787.6630604,401000,-124.38311767578125
1702438788.9913318,401500,-125.10635375976562
1702438790.2699466,402000,-125.86062622070312
1702438791.6281018,402500,-126.84944915771484
1702438792.9531558,403000,-126.84944915771484
1702438794.266757,403500,-127.81153106689453
1702438795.5597749,404000,-128.92544555664062
1702438796.8718894,404500,-129.61099243164062
1702438798.182181,405000,-130.22024536132812
1702438799.5737991,405500,-130.7080535888672
1702438800.9690757,406000,-131.653076171875
1702438802.2136045,406500,-132.41262817382812
1702438803.457639,407000,-132.41262817382812
1702438804.7484386,407500,-132.41262817382812
1702438806.0504375,408000,-132.41262817382812
1702438807.394112,408500,-132.9547119140625
1702438808.701526,409000,-132.9547119140625
1702438810.041767,409500,-133.9455108642578
1702438811.3507376,410000,-134.6693572998047
1702438812.6883526,410500,-134.9866943359375
1702438813.993375,411000,-135.0943145751953
1702438815.306716,411500,-135.74049377441406
1702438816.633377,412000,-135.74049377441406
1702438817.9446318,412500,-135.74049377441406
1702438819.28132,413000,-135.97044372558594
1702438820.575082,413500,-135.97044372558594
1702438821.882047,414000,-137.0204315185547
1702438823.19137,414500,-137.68812561035156
1702438824.5200622,415000,-138.06866455078125
1702438825.845827,415500,-137.90188598632812
1702438827.2168021,416000,-137.90188598632812
1702438828.5712092,416500,-138.79013061523438
1702438830.0585723,417000,-138.54042053222656
1702438831.3808208,417500,-138.2709197998047
1702438832.6908257,418000,-138.49098205566406
1702438834.046997,418500,-139.19381713867188
1702438835.3603408,419000,-139.50473022460938
1702438836.67154,419500,-139.3808135986328
1702438838.0066319,420000,-138.60702514648438
1702438839.3612683,420500,-136.26939392089844
1702438840.6903715,421000,-136.26939392089844
1702438842.0027294,421500,-134.3729705810547
1702438843.3267748,422000,-134.3729705810547
1702438844.6372316,422500,-134.3729705810547
1702438845.978342,423000,-134.3729705810547
1702438847.2735722,423500,-134.06495666503906
1702438848.6128185,424000,-132.05062866210938
1702438849.9363036,424500,-131.1561279296875
1702438851.257461,425000,-130.1439666748047
1702438852.5614893,425500,-130.1439666748047
1702438853.872665,426000,-129.5347900390625
1702438855.1852014,426500,-128.9137420654297
1702438856.5231993,427000,-128.9137420654297
1702438857.8325434,427500,-128.9137420654297
1702438859.1605074,428000,-128.31112670898438
1702438860.727541,428500,-128.31112670898438
1702438862.0380723,429000,-128.31112670898438
1702438863.3346875,429500,-128.1770782470703
1702438864.663211,430000,-128.1770782470703
1702438865.9527721,430500,-128.1770782470703
1702438867.276033,431000,-128.06175231933594
1702438868.5681305,431500,-128.06175231933594
1702438869.88112,432000,-128.06175231933594
1702438871.1944165,432500,-127.79605865478516
1702438872.5206988,433000,-127.79605865478516
1702438873.8183217,433500,-127.79605865478516
1702438875.1119103,434000,-127.79605865478516
1702438876.4201727,434500,-127.44686126708984
1702438877.7471378,435000,-126.89108276367188
1702438879.0583017,435500,-126.65967559814453
1702438880.37,436000,-126.27519226074219
1702438881.7098851,436500,-123.54866790771484
1702438883.0475965,437000,-122.56666564941406
1702438884.369777,437500,-122.22695922851562
1702438885.6900313,438000,-122.2085189819336
1702438887.0182247,438500,-121.68309020996094
1702438888.3243465,439000,-121.47772216796875
1702438889.7541883,439500,-121.65829467773438
1702438891.1815186,440000,-121.66018676757812
1702438892.4947236,440500,-121.66018676757812
1702438893.7898426,441000,-120.9624252319336
1702438895.1253736,441500,-119.83291625976562
1702438896.4366713,442000,-120.05143737792969
1702438897.7270017,442500,-120.05143737792969
1702438899.0834332,443000,-120.05143737792969
1702438900.3796935,443500,-121.2750473022461
1702438901.6859226,444000,-121.2750473022461
1702438902.9956224,444500,-120.80280303955078
1702438904.3016756,445000,-120.80280303955078
1702438905.6542063,445500,-120.9052734375
1702438906.948412,446000,-121.4478988647461
1702438908.2888837,446500,-121.45101928710938
1702438909.5850148,447000,-121.45101928710938
1702438910.8945138,447500,-120.70866394042969
1702438912.2036145,448000,-119.73307800292969
1702438913.5148785,448500,-119.86196899414062
1702438914.8276033,449000,-119.86196899414062
1702438916.1194994,449500,-121.0865707397461
1702438917.430357,450000,-121.0865707397461
1702438918.7243292,450500,-121.0865707397461
1702438920.3862495,451000,-122.46511840820312
1702438921.6806853,451500,-122.88542938232422
1702438922.9913282,452000,-122.88542938232422
1702438924.287492,452500,-123.01943969726562
1702438925.5963633,453000,-123.71002197265625
1702438926.9208293,453500,-123.71002197265625
1702438928.2624562,454000,-123.82083892822266
1702438929.6046865,454500,-123.82083892822266
1702438931.0157924,455000,-123.82083892822266
1702438932.5385542,455500,-123.82083892822266
1702438934.1496344,456000,-123.63694763183594
1702438935.582407,456500,-123.63694763183594
1702438936.9269094,457000,-124.29668426513672
1702438938.2517588,457500,-124.62017059326172
1702438939.5784006,458000,-124.8332290649414
1702438940.8896832,458500,-124.8332290649414
1702438942.196121,459000,-124.8332290649414
1702438943.5184038,459500,-124.85940551757812
1702438944.8585887,460000,-124.7788314819336
1702438946.1801162,460500,-124.2773208618164
1702438947.5175614,461000,-124.2773208618164
1702438948.8381863,461500,-124.2773208618164
1702438950.4038203,462000,-125.56908416748047
1702438951.7238572,462500,-125.62415313720703
1702438953.0598319,463000,-124.8875503540039
1702438954.3689644,463500,-124.61139678955078
1702438955.7228584,464000,-124.34886169433594
1702438957.0513139,464500,-124.03199768066406
1702438958.3892038,465000,-124.57026672363281
1702438959.7738035,465500,-121.79170989990234
1702438961.1005921,466000,-119.97650146484375
1702438962.440382,466500,-120.38971710205078
1702438963.730746,467000,-121.04673767089844
1702438965.0407012,467500,-121.32732391357422
1702438966.3686953,468000,-120.4504623413086
1702438967.6908782,468500,-120.29402160644531
1702438969.0130024,469000,-121.18023681640625
1702438970.323213,469500,-121.18023681640625
1702438971.629159,470000,-121.18023681640625
1702438972.943899,470500,-121.18023681640625
1702438974.2688143,471000,-121.05208587646484
1702438975.5914495,471500,-121.05208587646484
1702438976.9201705,472000,-121.05208587646484
1702438978.230399,472500,-121.10871124267578
1702438979.6436617,473000,-121.10871124267578
1702438981.1148806,473500,-121.10871124267578
1702438982.4230368,474000,-121.2076187133789
1702438983.7158413,474500,-121.2076187133789
1702438985.0256083,475000,-121.2076187133789
1702438986.32558,475500,-120.70509338378906
1702438987.6518722,476000,-120.70509338378906
1702438988.978155,476500,-120.70509338378906
1702438990.330066,477000,-121.17996978759766
1702438991.6198575,477500,-121.17996978759766
1702438992.945831,478000,-121.17996978759766
1702438994.240813,478500,-121.17996978759766
1702438995.5632634,479000,-121.14348602294922
1702438996.8754594,479500,-121.14348602294922
1702438998.1865172,480000,-121.14348602294922
1702438999.508349,480500,-121.63011169433594
1702439000.8467705,481000,-121.63011169433594
1702439002.1697564,481500,-121.63011169433594
1702439003.4923244,482000,-122.1854248046875
1702439004.8058548,482500,-122.1854248046875
1702439006.1125026,483000,-122.1854248046875
1702439007.4381692,483500,-121.89012908935547
1702439008.7482812,484000,-121.89012908935547
1702439010.236061,484500,-121.89012908935547
1702439011.573142,485000,-122.11780548095703
1702439012.9009292,485500,-122.11780548095703
1702439014.225097,486000,-122.11780548095703
1702439015.5621517,486500,-122.11780548095703
1702439016.8710303,487000,-122.053955078125
1702439018.2095382,487500,-122.053955078125
1702439019.5346267,488000,-122.053955078125
1702439020.8587854,488500,-122.01567077636719
1702439022.152645,489000,-122.01567077636719
1702439023.4609697,489500,-122.01567077636719
1702439024.7546651,490000,-121.6236572265625
1702439026.0653977,490500,-121.6236572265625
1702439027.3777134,491000,-121.6236572265625
1702439028.7035732,491500,-121.39435577392578
1702439030.0297472,492000,-121.39435577392578
1702439031.3234913,492500,-121.39435577392578
1702439032.6477408,493000,-120.34800720214844
1702439034.0022118,493500,-120.34800720214844
1702439035.2951357,494000,-120.34800720214844
1702439036.620501,494500,-120.34800720214844
1702439037.9571502,495000,-119.70722198486328
1702439039.262646,495500,-119.70722198486328
1702439040.8557396,496000,-119.70722198486328
1702439042.1814969,496500,-118.7574234008789
1702439043.4758172,497000,-118.7574234008789
1702439044.8118298,497500,-118.7574234008789
1702439046.1252546,498000,-118.99273681640625
1702439047.4663305,498500,-118.99273681640625
1702439048.8993268,499000,-118.99273681640625
1702439050.2211647,499500,-119.70616912841797
1702439051.5628767,500000,-119.70616912841797
