Wall time,Step,Value
1702432881.914069,2048,-116.56026458740234
1702432886.79733,4096,-115.1532974243164
1702432891.9892635,6144,-114.38026428222656
1702432897.7002892,8192,-110.77590942382812
1702432903.0613217,10240,-109.65763092041016
1702432908.1723661,12288,-110.739501953125
1702432913.6571088,14336,-113.0468521118164
1702432919.110494,16384,-115.80662536621094
1702432924.2990167,18432,-115.30284881591797
1702432929.4236917,20480,-113.98848724365234
1702432934.5970619,22528,-112.33903503417969
1702432940.0501373,24576,-112.50450897216797
1702432945.3479536,26624,-112.1514892578125
1702432950.5512724,28672,-112.92205047607422
1702432955.7236338,30720,-112.4817886352539
1702432960.8816607,32768,-112.55150604248047
1702432965.9753695,34816,-112.37277221679688
1702432971.16326,36864,-112.2057876586914
1702432976.5853245,38912,-112.06787109375
1702432981.8042934,40960,-111.93379211425781
1702432986.9770768,43008,-111.69954681396484
1702432992.2128668,45056,-111.0867691040039
1702432997.5394852,47104,-110.75098419189453
1702433002.9765773,49152,-110.53929901123047
1702433008.1173623,51200,-110.33456420898438
1702433013.3220675,53248,-109.87760162353516
1702433018.5082538,55296,-109.66849517822266
1702433023.8525703,57344,-109.40795135498047
1702433029.1655962,59392,-109.07769012451172
1702433034.4785028,61440,-108.4929428100586
1702433040.3394363,63488,-108.20659637451172
1702433045.823296,65536,-107.78901672363281
1702433051.450237,67584,-107.43714141845703
1702433056.352483,69632,-106.65321350097656
1702433061.603407,71680,-106.27890014648438
1702433066.7071347,73728,-105.81007385253906
1702433071.7234824,75776,-104.89334106445312
1702433076.7353368,77824,-104.4371337890625
1702433081.9336557,79872,-104.00392150878906
1702433087.2090218,81920,-103.40572357177734
1702433092.3003325,83968,-102.59494018554688
1702433097.42725,86016,-101.74238586425781
1702433103.1251905,88064,-101.14383697509766
1702433108.4491854,90112,-101.00738525390625
1702433114.1018026,92160,-100.40628051757812
1702433120.0176926,94208,-99.31055450439453
1702433125.6048074,96256,-98.37764739990234
1702433131.4065099,98304,-97.54560852050781
1702433136.6940126,100352,-95.96109771728516
1702433141.9239705,102400,-95.2237548828125
1702433147.4691503,104448,-93.92768859863281
1702433153.1560867,106496,-93.34095764160156
1702433158.89107,108544,-92.33206939697266
1702433164.090149,110592,-89.9527587890625
1702433169.234162,112640,-89.76160430908203
1702433174.4578977,114688,-88.21455383300781
1702433179.565275,116736,-86.90656280517578
1702433184.69979,118784,-85.92835998535156
1702433190.4396966,120832,-83.58493041992188
1702433195.9887638,122880,-82.8655014038086
1702433201.6904817,124928,-81.54347229003906
1702433206.9072332,126976,-80.11087799072266
1702433212.246163,129024,-77.11143493652344
1702433217.8546815,131072,-75.5267562866211
1702433223.5547094,133120,-73.80236053466797
1702433229.4488564,135168,-72.33126068115234
1702433234.774101,137216,-68.8095932006836
1702433240.9299319,139264,-67.1151123046875
1702433247.5460956,141312,-65.38717651367188
1702433253.541032,143360,-60.56488037109375
1702433259.7904906,145408,-58.586978912353516
1702433265.6350143,147456,-56.57512664794922
1702433271.1338322,149504,-54.388771057128906
1702433277.0885916,151552,-50.40985107421875
1702433282.6560192,153600,-48.209022521972656
1702433287.9469137,155648,-46.19975662231445
1702433293.2699516,157696,-43.477378845214844
1702433298.5805519,159744,-41.26454162597656
1702433303.8157558,161792,-38.0864143371582
1702433308.9968855,163840,-35.48854446411133
1702433314.9598927,165888,-33.35893249511719
1702433320.730652,167936,-31.248126983642578
1702433326.4935987,169984,-28.91168785095215
1702433332.1070573,172032,-25.526546478271484
1702433337.7648249,174080,-23.195341110229492
1702433343.1894495,176128,-20.77838134765625
1702433348.4635854,178176,-18.383865356445312
1702433353.8266861,180224,-16.176347732543945
1702433359.0731125,182272,-13.667508125305176
1702433364.4351802,184320,-9.314764022827148
1702433369.394067,186368,-7.108070373535156
1702433374.4795132,188416,-4.5224785804748535
1702433379.4693427,190464,-0.10070744901895523
1702433384.5002549,192512,2.3923180103302
1702433390.117285,194560,5.144123077392578
1702433395.875949,196608,6.480240821838379
1702433401.5038908,198656,7.081828594207764
1702433406.990844,200704,9.262163162231445
1702433412.1834433,202752,11.282861709594727
1702433417.7023969,204800,14.742196083068848
1702433423.0661674,206848,17.12442970275879
1702433428.441271,208896,19.61233901977539
1702433434.0476573,210944,23.147876739501953
1702433439.5656257,212992,24.354520797729492
1702433445.2204258,215040,26.59046745300293
1702433450.6112826,217088,28.85353660583496
1702433455.7733319,219136,30.540374755859375
1702433461.0124407,221184,33.67652893066406
1702433466.5842757,223232,34.8807487487793
1702433471.8512332,225280,36.890316009521484
1702433477.2996001,227328,38.880611419677734
1702433482.769711,229376,42.01995849609375
1702433488.0755208,231424,43.27291488647461
1702433493.8296242,233472,45.34095001220703
1702433499.0003169,235520,47.35464859008789
1702433504.5164654,237568,47.44889450073242
1702433509.816764,239616,48.9315071105957
1702433515.2968743,241664,49.38972091674805
1702433520.4886022,243712,49.17072677612305
1702433525.5072923,245760,50.44126892089844
1702433530.898672,247808,52.82279586791992
1702433536.4780645,249856,53.20804977416992
1702433541.6689022,251904,54.25455093383789
1702433547.1916265,253952,49.497615814208984
1702433552.948472,256000,48.487125396728516
1702433558.215341,258048,40.57270812988281
1702433563.4086144,260096,39.88695526123047
1702433568.8004065,262144,31.373517990112305
1702433574.2558162,264192,28.62596321105957
1702433579.4307895,266240,30.303674697875977
1702433585.3392668,268288,31.637447357177734
1702433590.9250338,270336,30.801393508911133
1702433596.5072556,272384,31.363182067871094
1702433602.0766442,274432,33.885528564453125
1702433607.969112,276480,32.44812774658203
1702433613.6486456,278528,31.55323600769043
1702433618.919882,280576,29.52828025817871
1702433624.5232172,282624,29.905372619628906
1702433630.0422072,284672,27.396800994873047
1702433635.437299,286720,28.802785873413086
1702433640.5594394,288768,30.61319351196289
1702433645.8412547,290816,33.08899688720703
1702433651.0859275,292864,35.58537292480469
1702433656.400266,294912,37.42799377441406
1702433661.7896826,296960,41.41990280151367
1702433667.0940855,299008,42.15428161621094
1702433672.2684984,301056,43.73356628417969
1702433677.5461,303104,44.303688049316406
1702433682.869891,305152,44.281982421875
1702433688.2702334,307200,44.30006408691406
1702433693.6482644,309248,48.38236999511719
1702433699.0574703,311296,48.500457763671875
1702433704.5182207,313344,49.63837432861328
1702433709.9130504,315392,46.833770751953125
1702433715.4946308,317440,49.91257858276367
1702433720.8008814,319488,51.460079193115234
1702433726.3617125,321536,48.764068603515625
1702433731.8634715,323584,44.61235046386719
1702433737.3919897,325632,46.94827651977539
1702433743.0138974,327680,45.38606262207031
1702433748.6179144,329728,43.083099365234375
1702433753.9769087,331776,41.772605895996094
1702433759.7384562,333824,44.66489791870117
1702433765.8018286,335872,47.0377311706543
1702433771.734956,337920,49.82829284667969
1702433777.4018514,339968,47.939449310302734
1702433782.955506,342016,47.520660400390625
1702433788.141554,344064,44.25924301147461
1702433793.4808471,346112,38.31975555419922
1702433798.7976,348160,41.20027542114258
1702433804.0028968,350208,44.149017333984375
1702433809.8667252,352256,49.9753303527832
1702433815.1940475,354304,50.04171371459961
1702433820.4448104,356352,52.96354293823242
1702433825.487358,358400,56.07133865356445
1702433830.5487642,360448,59.03604507446289
1702433836.0083005,362496,62.09943389892578
1702433841.5723808,364544,65.33238220214844
1702433847.090853,366592,71.17383575439453
1702433853.105131,368640,70.67159271240234
1702433858.9956548,370688,73.65483093261719
1702433864.7555468,372736,77.9487075805664
1702433870.1181448,374784,80.94032287597656
1702433875.3204827,376832,84.14118957519531
1702433880.6873991,378880,84.58338928222656
1702433886.246114,380928,82.1831283569336
1702433891.7067635,382976,82.78977966308594
1702433896.902589,385024,84.04147338867188
1702433902.7529097,387072,84.28658294677734
1702433908.2987902,389120,84.54137420654297
1702433913.5386152,391168,84.73381805419922
1702433919.03855,393216,85.82514190673828
1702433924.201968,395264,83.69856262207031
1702433929.8175862,397312,84.61178588867188
1702433935.3080506,399360,87.5537109375
1702433940.7079446,401408,88.91120910644531
1702433945.855394,403456,91.98993682861328
1702433951.0260208,405504,94.85124206542969
1702433956.279207,407552,95.16822052001953
1702433962.0092664,409600,95.93841552734375
1702433967.1711905,411648,96.3266830444336
1702433972.5989845,413696,93.31114196777344
1702433978.1597052,415744,95.77217102050781
1702433983.5956702,417792,97.74864959716797
1702433989.4164102,419840,100.5125732421875
1702433994.4424107,421888,100.5660629272461
1702433999.8348222,423936,101.16795349121094
1702434004.981058,425984,101.5831527709961
1702434010.7841425,428032,101.93101501464844
1702434016.1338847,430080,105.51538848876953
1702434021.5517752,432128,103.03727722167969
1702434026.8888462,434176,106.38806915283203
1702434032.2644124,436224,108.28059387207031
1702434037.9563391,438272,110.37234497070312
1702434043.483365,440320,111.96721649169922
1702434048.9484103,442368,112.51957702636719
1702434054.32412,444416,115.93488311767578
1702434059.6843083,446464,116.55821990966797
1702434064.7751577,448512,118.9886245727539
1702434070.3767223,450560,122.87831115722656
1702434075.64652,452608,124.99039459228516
1702434081.2229545,454656,125.4437484741211
1702434086.375981,456704,127.76266479492188
1702434091.6226945,458752,131.19833374023438
1702434097.1499698,460800,133.43951416015625
1702434102.6620886,462848,133.9001007080078
1702434107.9555922,464896,130.9588623046875
1702434113.0765219,466944,131.73605346679688
1702434118.4818265,468992,135.06015014648438
1702434123.6831841,471040,137.1825408935547
1702434128.7633455,473088,138.14395141601562
1702434133.7856727,475136,139.6903076171875
1702434138.8652086,477184,140.8999481201172
1702434144.0418756,479232,140.9096221923828
1702434149.4192424,481280,144.28065490722656
1702434154.6865094,483328,142.00628662109375
1702434159.9004855,485376,140.00491333007812
1702434165.0379627,487424,140.31260681152344
1702434170.1511903,489472,138.4714813232422
1702434175.2967858,491520,138.7884521484375
1702434180.5460212,493568,138.9805145263672
1702434185.71761,495616,139.41732788085938
1702434190.735738,497664,139.67076110839844
1702434195.8954382,499712,142.39779663085938
1702434200.862138,501760,137.28179931640625
