Wall time,Step,Value
1702439062.588646,1776,-122.53136444091797
1702439075.692628,5148,-130.7464141845703
1702439117.7028334,11548,-147.46173095703125
1702439159.7363095,17948,-155.80624389648438
1702439201.9167826,24348,-160.82562255859375
1702439243.9812155,30748,-164.14651489257812
1702439285.9295137,37148,-165.85829162597656
1702439328.0096064,43548,-167.6845245361328
1702439369.3511524,48906,-164.21511840820312
1702439374.7052674,49251,-159.05740356445312
1702439377.738033,49720,-155.519287109375
1702439380.2072678,50180,-152.326416015625
1702439405.4764411,55271,-151.21348571777344
1702439436.6988778,58944,-148.98483276367188
1702439471.9775672,65344,-145.38865661621094
1702439514.034795,71744,-143.8119659423828
1702439556.3487277,78144,-139.59014892578125
1702439597.4191146,83020,-138.09588623046875
1702439611.755501,86530,-136.71310424804688
1702439653.936544,92930,-134.3545379638672
1702439696.0654924,99330,-132.7579345703125
1702439738.26437,105730,-131.28656005859375
1702439780.5612884,112130,-130.2311553955078
1702439801.6096902,113958,-128.91419982910156
1702439813.6715422,115966,-127.57347106933594
1702439836.9876938,119341,-126.8045654296875
1702439839.8594697,119776,-125.62561798095703
1702439852.9171317,123117,-123.19430541992188
1702439873.5847921,125013,-119.86543273925781
1702439907.411838,131413,-116.47514343261719
1702439940.1211135,136386,-114.22850036621094
1702439982.2452471,142786,-110.696044921875
1702440006.6581726,146484,-107.26610565185547
1702440028.2523894,148730,-107.06861114501953
1702440033.2681224,150530,-106.80149841308594
1702440075.4423351,156930,-106.63590240478516
1702440097.4532928,160252,-105.9572525024414
1702440139.6496046,166652,-104.57918548583984
1702440181.8003962,173052,-103.96186828613281
1702440224.163668,179452,-103.02008819580078
1702440266.2055902,185852,-103.62816619873047
1702440308.2366948,192252,-103.31392669677734
1702440350.47359,198652,-101.90929412841797
1702440375.4657152,202472,-100.65336608886719
1702440416.559274,207341,-101.03401184082031
1702440429.6004992,210674,-101.12657165527344
1702440471.9830685,217074,-101.03929138183594
1702440514.518979,223474,-99.76235961914062
1702440546.7830942,228383,-99.90111541748047
1702440579.0503228,233304,-100.34026336669922
1702440621.1161451,239704,-99.11629486083984
1702440653.2256522,244588,-98.82342529296875
1702440695.3781075,250988,-96.15141296386719
1702440737.2639272,257388,-95.10623931884766
1702440778.1910617,262227,-94.0198745727539
1702440811.3414543,268627,-92.74205780029297
1702440853.3757415,275027,-92.22332000732422
1702440895.2045205,281427,-90.5818099975586
1702440937.3485916,287827,-87.50778198242188
1702440978.6545022,293115,-85.8749008178711
1702441013.0151737,297985,-83.53373718261719
1702441036.491602,302927,-83.0339584350586
1702441069.41712,307931,-83.05717468261719
1702441111.545665,314331,-83.40946197509766
1702441153.7527905,320731,-82.96033477783203
1702441195.7409701,327131,-81.48426818847656
1702441219.1542084,330440,-83.20655059814453
1702441259.4864523,336840,-81.57830047607422
1702441301.6715834,343240,-81.60111999511719
1702441343.8346815,349640,-81.40030670166016
1702441376.0346348,354544,-79.98198699951172
1702441418.2292063,360944,-78.70500183105469
1702441460.2181306,367344,-78.65039825439453
1702441502.2060142,373744,-77.27879333496094
1702441544.43133,380144,-75.7032699584961
1702441586.359599,386544,-74.99605560302734
1702441628.6203585,392944,-73.36486053466797
1702441670.653708,399344,-73.61666870117188
1702441711.415275,405540,-70.98388671875
1702441753.3681517,411940,-69.99351501464844
1702441794.2545128,416855,-66.76152038574219
1702441827.548403,423255,-65.7898941040039
1702441859.29991,426880,-65.85267639160156
1702441884.1782844,431881,-64.94865417480469
1702441917.6162257,436970,-64.20964813232422
1702441952.5253751,442277,-60.76484680175781
1702441994.5025475,448677,-59.38210678100586
1702442036.6575785,455077,-57.7193603515625
1702442078.6647964,461477,-52.63814926147461
1702442119.7120705,466428,-49.23818588256836
1702442126.8525636,467590,-48.98899459838867
1702442161.2595415,473990,-44.84068298339844
1702442203.3651571,480390,-41.56401062011719
1702442245.654869,486790,-32.635589599609375
1702442287.7703137,493190,-24.421066284179688
1702442312.4061835,496909,-21.066377639770508
