Wall time,Step,Value
1702449829.3712413,244,-106.21701049804688
1702449877.650229,3604,-102.65135192871094
1702449926.5525782,7018,-98.69258117675781
1702449975.0628905,10368,-94.05067443847656
1702450003.147513,12315,-94.46455383300781
1702450051.2104912,15666,-87.69658660888672
1702450057.9487238,16128,-92.222412109375
1702450063.645243,16527,-95.4704360961914
1702450068.7066245,16878,-97.7765884399414
1702450076.923639,17453,-99.60016632080078
1702450088.1132526,18225,-99.78329467773438
1702450118.470411,20336,-98.76805114746094
1702450128.80889,21056,-99.3584213256836
1702450139.691324,21815,-100.56916046142578
1702450145.3235927,22207,-102.20741271972656
1702450151.6777818,22637,-103.14412689208984
1702450155.4034314,22892,-104.30427551269531
1702450165.4196396,23591,-104.69448852539062
1702450177.5191476,24423,-105.09654998779297
1702450189.065977,25227,-105.3500747680664
1702450238.5399868,28655,-104.42723846435547
1702450285.796539,31945,-104.45994567871094
1702450334.1361763,35298,-104.81221008300781
1702450410.4043067,40386,-101.4430160522461
1702450481.1670911,45294,-96.35381317138672
1702450537.4868572,49194,-90.64781951904297
1702450615.1927395,54601,-82.79955291748047
1702450700.9358828,60559,-71.29457092285156
1702450778.2553847,65949,-59.83552551269531
1702450813.4654763,68395,-54.71867752075195
1702450856.2138147,71382,-49.74959182739258
1702450871.4975574,72436,-47.03709411621094
1702450912.0413074,75247,-40.2523078918457
1702450958.7574608,78491,-30.506925582885742
1702451010.778719,82102,-18.000829696655273
1702451065.6736145,85917,-7.932221412658691
1702451115.821516,89406,3.8685734272003174
1702451149.4062483,91738,11.415383338928223
1702451209.6545563,95902,28.263280868530273
1702451269.4571736,100056,44.36946487426758
1702451297.4249766,102002,51.525230407714844
1702451351.6299582,105768,68.90755462646484
1702451395.5127797,108834,81.67036437988281
1702451447.1352394,112423,98.6737060546875
1702451482.4033206,114878,108.16905975341797
1702451533.7210689,118451,124.1613540649414
1702451584.312153,121973,140.95428466796875
1702451633.5344212,125397,157.99078369140625
1702451681.8157954,128734,171.52886962890625
1702451729.4061632,132048,183.05477905273438
1702451752.3099177,133644,184.12815856933594
1702451759.18075,134122,177.10096740722656
1702451762.819517,134375,165.19358825683594
1702451766.8753223,134650,152.8618927001953
1702451776.2092836,135292,147.2122802734375
1702451780.0191085,135554,140.40184020996094
1702451783.9424832,135827,138.42051696777344
1702451787.4570205,136069,132.40423583984375
1702451790.9726367,136313,123.29571533203125
1702451794.6459775,136570,111.4551010131836
1702451798.7634017,136845,101.50526428222656
1702451801.9128911,137064,89.2073745727539
1702451805.6642098,137324,81.88837432861328
1702451808.8832836,137545,65.57087707519531
1702451812.085565,137767,50.361724853515625
1702451815.4203827,137997,43.85871887207031
1702451819.1203501,138252,27.477684020996094
1702451822.472683,138487,15.136775016784668
1702451826.3395483,138754,-1.2903538942337036
1702451831.8538742,139128,-10.046242713928223
1702451837.8846438,139543,-26.362417221069336
1702451847.6044445,140217,-42.63505935668945
1702451881.64358,142579,-55.234275817871094
1702451956.7858243,147804,-57.43708038330078
1702452031.8399665,153013,-62.16340255737305
1702452080.2111645,156374,-54.08611297607422
1702452120.9462705,159205,-41.84010314941406
1702452168.7839956,162523,-25.1488094329834
1702452217.790697,165910,-8.429571151733398
1702452264.6527646,169164,8.620575904846191
1702452311.502673,172417,25.229171752929688
1702452352.2762775,175236,39.407474517822266
1702452397.5263078,178371,56.03688430786133
1702452441.9651067,181454,72.69439697265625
1702452485.590539,184492,89.3187484741211
1702452528.1329796,187436,105.97834777832031
1702452565.340634,190025,119.97378540039062
1702452599.0144124,192358,132.93121337890625
1702452641.5780952,195293,149.7293701171875
1702452673.4194763,197490,159.9442901611328
1702452707.1392202,199828,171.58834838867188
1702452742.1579635,202242,184.74188232421875
1702452778.5318112,204786,198.62677001953125
1702452813.8876493,207255,212.1380157470703
1702452855.7046888,210163,228.6070098876953
1702452890.303178,212569,241.75698852539062
1702452931.4331942,215436,258.28607177734375
1702452971.9276109,218247,269.986083984375
1702453013.2437534,221106,272.475830078125
1702453053.931165,223944,277.5037841796875
1702453094.80321,226785,278.60968017578125
1702453130.3833609,229260,279.5711975097656
1702453170.7095108,232077,279.7803039550781
1702453211.6200576,234900,279.98358154296875
1702453252.5122435,237731,280.14666748046875
1702453292.4461188,240513,280.4353332519531
1702453332.5616875,243289,283.2061462402344
1702453372.483597,246050,283.4376525878906
1702453412.6319206,248843,283.69390869140625
1702453452.2494977,251597,283.9691162109375
1702453491.955339,254355,284.1011657714844
1702453523.0954661,256522,281.9526672363281
1702453560.4535265,259113,284.01763916015625
1702453600.1861753,261871,284.2504577636719
1702453639.6944926,264629,291.0612487792969
1702453679.26648,267378,296.3870544433594
1702453718.5764427,270099,300.1039733886719
1702453757.5533862,272815,303.1986389160156
1702453796.4481409,275524,306.53961181640625
1702453835.0354931,278217,306.6512145996094
1702453873.7375724,280901,310.2109375
1702453923.8046021,284390,309.6158142089844
1702453965.373703,287276,310.7267150878906
1702453996.9401202,289473,306.5147705078125
1702454027.1169553,291564,300.7478942871094
1702454050.439423,293183,293.5151672363281
1702454089.5283964,295905,296.335693359375
1702454127.4677951,298540,295.1949768066406
1702454160.221803,300813,292.21710205078125
1702454192.7469852,303078,289.2383117675781
1702454230.3180997,305690,289.3111877441406
1702454268.0566897,308299,289.3644714355469
1702454306.2018933,310949,289.4062805175781
1702454343.5004966,313556,289.48626708984375
1702454381.4804575,316186,289.5342712402344
1702454418.9737558,318797,289.6765441894531
1702454456.5692828,321403,294.83984375
1702454494.0350628,324005,296.86395263671875
1702454532.1034176,326645,296.9437255859375
1702454565.5716922,328972,294.2617492675781
1702454603.1144755,331590,294.3269958496094
1702454640.6379855,334199,294.3736267089844
1702454678.1903002,336815,294.4096374511719
1702454715.9542544,339444,294.4455261230469
1702454753.7043786,342060,294.5350341796875
1702454790.9343216,344654,294.5717468261719
1702454824.848628,347010,292.7156982421875
1702454862.7363322,349627,292.96209716796875
1702454899.8540475,352221,297.3084411621094
1702454937.1542306,354811,303.22308349609375
1702454974.453781,357403,311.7718811035156
1702455011.8154647,359994,311.9057922363281
1702455049.3552647,362598,313.1853332519531
1702455086.447066,365177,316.35113525390625
1702455124.1291142,367789,319.48345947265625
1702455161.4523363,370382,319.4766540527344
1702455198.4819224,372962,319.53759765625
1702455233.3437345,375391,317.7522277832031
1702455270.0318491,377937,317.7879333496094
1702455307.2849088,380532,317.8094787597656
1702455344.303794,383099,317.8538818359375
1702455381.3531053,385670,317.9009704589844
1702455418.1236892,388219,317.94140625
1702455454.951325,390783,317.9961242675781
1702455491.7238913,393337,320.81048583984375
1702455528.476606,395889,320.8359375
1702455565.2165387,398458,320.8397521972656
1702455602.0613015,401011,320.8763732910156
1702455638.567794,403554,320.93707275390625
1702455675.4284058,406105,320.970947265625
1702455711.8546474,408641,321.0621032714844
1702455748.0315857,411161,323.73150634765625
1702455784.3453195,413681,323.825927734375
1702455820.707551,416211,323.8600158691406
1702455857.3279622,418748,323.89141845703125
1702455893.6418712,421274,323.9443664550781
1702455929.9186046,423784,323.9972229003906
1702455966.2217116,426305,324.03955078125
1702456002.5694728,428810,324.063720703125
1702456038.641121,431318,324.1390380859375
1702456075.3045275,433861,324.1891784667969
1702456111.5472054,436383,324.2330017089844
1702456147.6570857,438891,326.16876220703125
1702456183.904005,441405,326.21636962890625
1702456220.217534,443927,326.2851867675781
1702456256.1916654,446426,326.32952880859375
1702456292.3306415,448926,326.332275390625
1702456328.0681863,451415,326.3475341796875
1702456363.8958273,453902,325.2885437011719
1702456400.0626886,456412,325.30902099609375
1702456436.0679653,458911,325.3487548828125
1702456459.0474806,460506,316.10589599609375
1702456482.1052277,462111,306.827880859375
1702456518.2972612,464612,306.8815002441406
1702456550.6770685,466859,304.33294677734375
1702456586.4519603,469341,304.32598876953125
1702456622.114694,471826,304.3617858886719
1702456657.917185,474327,304.3385314941406
1702456693.6963518,476807,304.3727722167969
1702456729.3364022,479284,304.41839599609375
1702456762.8015766,481608,301.1278381347656
1702456798.6046183,484092,301.1643981933594
1702456834.429073,486574,301.2071228027344
1702456868.9245946,488972,299.49005126953125
1702456904.5171044,491442,299.52838134765625
1702456939.9048975,493900,299.60968017578125
1702456975.7727156,496365,299.6286926269531
1702457011.4250648,498844,299.628662109375
