Wall time,Step,Value
1702420419.7837224,3576,-46.98684310913086
1702420550.3623059,7988,-45.11000061035156
1702420564.3329027,8588,-46.029998779296875
1702420639.3657694,12869,-40.59000015258789
1702420731.6872241,16576,-39.56999969482422
1702420963.216455,24805,-30.8700008392334
1702420971.878715,25268,-30.81999969482422
1702420987.302054,26285,-29.5
1702421050.5099597,29521,-6.880000114440918
1702421054.0130317,29680,-6.059999942779541
1702421066.8484125,30277,-6.320000171661377
1702421078.7848759,30640,-5.309999942779541
1702421102.5738106,31442,-4.610000133514404
1702421103.1122677,31472,-4.429999828338623
1702421105.0925732,31585,-3.9700000286102295
1702421113.5013332,32101,-3.0199999809265137
1702421119.9030097,32430,-3.0399999618530273
1702421137.8447387,33297,-2.8399999141693115
1702421152.0350156,33862,-2.690000057220459
1702421158.222015,34070,-2.7699999809265137
1702421178.4130683,35004,-2.4800000190734863
1702421186.5401845,35436,-3.0199999809265137
1702421192.567508,35683,-2.8399999141693115
1702421195.0589633,35787,-2.7799999713897705
1702421195.448083,35799,-2.75
1702421207.8964372,36286,-2.680000066757202
1702421213.6873834,36510,-2.809999942779541
1702421218.4153028,36694,-2.7699999809265137
1702421224.1909263,36900,-2.609999895095825
1702421228.7422628,37056,-2.7300000190734863
1702421246.2008677,37652,-2.549999952316284
1702421249.471069,37763,-2.5799999237060547
1702421266.4367492,38330,-2.2899999618530273
1702421268.464867,38389,-2.319999933242798
1702421269.2855415,38417,-2.3499999046325684
1702421273.6432445,38598,-2.4100000858306885
1702421274.2232344,38620,-2.3399999141693115
1702421276.302108,38705,-2.1600000858306885
1702421278.6202836,38801,-2.059999942779541
1702421280.4644308,38872,-1.940000057220459
1702421290.2991688,39212,-2.0399999618530273
1702421327.9904647,40510,-1.8700000047683716
1702421337.6769843,40805,-1.8300000429153442
1702421338.1368325,40817,-1.8700000047683716
1702421340.4126358,40883,-1.8200000524520874
1702421342.2557952,40953,-1.840000033378601
1702421347.62344,41156,-1.840000033378601
1702421348.698288,41193,-1.8300000429153442
1702421351.498288,41286,-1.7699999809265137
1702421367.7746615,41853,-1.850000023841858
1702421368.6720393,41888,-1.850000023841858
1702421376.9253714,42194,-1.8200000524520874
1702421379.033951,42267,-1.8300000429153442
1702421380.8636417,42325,-1.909999966621399
1702421397.807986,42914,-1.7699999809265137
1702421399.447245,42971,-1.8700000047683716
1702421399.8379936,42984,-1.899999976158142
1702421406.2560112,43194,-1.909999966621399
1702421410.8922668,43353,-1.9800000190734863
1702421426.3132374,43929,-1.75
1702421431.436279,44118,-1.7599999904632568
1702421449.2621148,44746,-1.9600000381469727
1702421450.2261667,44782,-1.9500000476837158
1702421453.7194934,44935,-1.7899999618530273
1702421454.8722014,44984,-1.809999942779541
1702421468.9923658,45507,-1.7100000381469727
1702421471.2888646,45595,-1.8600000143051147
1702421478.3003721,45845,-1.8700000047683716
1702421482.0447414,45974,-1.7699999809265137
1702421485.3531396,46096,-1.8300000429153442
1702421494.9757743,46425,-1.7400000095367432
1702421498.6198244,46550,-1.7400000095367432
1702421502.925506,46713,-1.8799999952316284
1702421512.8506918,47066,-1.7200000286102295
1702421521.6755517,47388,-1.7300000190734863
1702421526.6224723,47561,-1.7899999618530273
1702421531.0747619,47722,-1.590000033378601
1702421532.5873752,47772,-1.6799999475479126
1702421538.1192071,47964,-1.809999942779541
1702421549.049752,48344,-1.6200000047683716
1702421561.4957476,48795,-1.6200000047683716
1702421564.3986084,48891,-1.7300000190734863
1702421570.1658826,49087,-1.7100000381469727
1702421573.2086394,49187,-1.7599999904632568
1702421577.6239114,49341,-1.809999942779541
1702421578.215636,49362,-1.75
1702421579.096535,49395,-1.7599999904632568
1702421592.3676674,49888,-1.7899999618530273
1702421606.6821454,50393,-1.7999999523162842
1702421611.6584516,50577,-1.6100000143051147
1702421613.9922667,50676,-1.6100000143051147
1702421617.8327339,50819,-1.7300000190734863
1702421618.8635879,50856,-1.7899999618530273
1702421621.4773524,50944,-1.7699999809265137
1702421633.43946,51370,-1.7400000095367432
1702421639.3888507,51574,-1.9800000190734863
1702421642.8340158,51690,-1.9600000381469727
1702421643.6275263,51721,-1.9299999475479126
1702421661.3909488,52337,-1.8600000143051147
1702421665.0210297,52464,-1.7000000476837158
1702421671.7190533,52714,-1.7400000095367432
1702421685.1287026,53152,-1.690000057220459
1702421685.3977494,53166,-1.6799999475479126
1702421687.7452998,53259,-1.7100000381469727
1702421688.6900337,53295,-1.6699999570846558
1702421690.7657967,53373,-1.690000057220459
1702421707.2926922,53945,-1.7400000095367432
1702421709.540714,54022,-1.7100000381469727
1702421719.2702172,54369,-1.7999999523162842
1702421720.365668,54408,-1.7699999809265137
1702421722.9093897,54496,-1.7000000476837158
1702421725.1728032,54578,-1.6200000047683716
1702421726.4616814,54626,-1.690000057220459
1702421732.4306588,54833,-1.6699999570846558
1702421734.1146436,54888,-1.6200000047683716
1702421734.3977296,54899,-1.600000023841858
1702421740.4530268,55116,-1.7000000476837158
1702421742.1466427,55174,-1.75
1702421752.8870616,55546,-1.600000023841858
1702421755.7955542,55650,-1.6200000047683716
1702421759.7251325,55784,-1.690000057220459
1702421767.7264893,56066,-1.75
1702421770.2114618,56160,-1.6299999952316284
1702421780.4663265,56548,-1.7799999713897705
1702421780.7677162,56557,-1.75
1702421781.4820714,56579,-1.7599999904632568
1702421795.3162978,57067,-1.7400000095367432
1702421797.8048227,57156,-1.7699999809265137
1702421800.7096581,57261,-1.8600000143051147
1702421801.2861843,57284,-1.8300000429153442
1702421802.81372,57341,-1.8600000143051147
1702421811.3575087,57633,-1.9199999570846558
1702421811.6443682,57643,-1.8799999952316284
1702421814.7234,57749,-1.7400000095367432
1702421815.256543,57767,-1.7100000381469727
1702421816.6841106,57818,-1.659999966621399
1702421821.3793101,57983,-1.7300000190734863
1702421823.53857,58052,-1.850000023841858
1702421826.093797,58141,-1.7999999523162842
1702421830.9931424,58300,-1.590000033378601
1702421833.104564,58368,-1.7100000381469727
1702421870.143193,59757,-1.659999966621399
1702421875.8733468,59962,-1.840000033378601
1702421888.151855,60368,-1.7300000190734863
1702421892.754127,60517,-1.7200000286102295
1702421903.5531402,60878,-1.6100000143051147
1702421920.603818,61791,-1.600000023841858
1702421923.9750402,62047,-1.6699999570846558
1702421938.9359913,62850,-1.8300000429153442
1702421940.6284375,62936,-1.7200000286102295
1702421946.9018078,63319,-1.6799999475479126
1702421953.2603207,63624,-1.850000023841858
1702421953.7231877,63656,-1.840000033378601
1702421963.4286115,64300,-1.7899999618530273
1702421973.1629007,64973,-1.690000057220459
1702421975.6692567,65145,-1.7100000381469727
1702421978.75824,65352,-1.8600000143051147
1702421978.9283144,65362,-1.8700000047683716
1702421984.3920043,65708,-1.590000033378601
1702421986.3160105,65817,-1.5499999523162842
1702421986.8442464,65852,-1.649999976158142
1702421987.024253,65863,-1.6799999475479126
1702421987.397135,65884,-1.6699999570846558
1702421987.5535965,65895,-1.6699999570846558
1702421998.4259155,66539,-1.8300000429153442
1702422004.4697292,66964,-1.6100000143051147
1702422008.885645,67293,-1.690000057220459
1702422012.664226,67576,-1.6100000143051147
1702422013.38848,67626,-1.5800000429153442
1702422016.7834673,67854,-1.559999942779541
1702422019.8818176,68070,-1.8200000524520874
1702422022.2472253,68236,-1.8200000524520874
1702422024.7222912,68411,-1.809999942779541
1702422029.3632166,68732,-1.7400000095367432
1702422029.8639555,68766,-1.7300000190734863
1702422045.0506003,69710,-1.7699999809265137
1702422047.9531698,69899,-1.7200000286102295
1702422048.2359257,69920,-1.7200000286102295
1702422048.5806355,69942,-1.659999966621399
1702422049.4236295,70003,-1.6399999856948853
1702422053.7473392,70307,-1.7100000381469727
1702422055.8682518,70458,-1.6799999475479126
1702422064.9942288,71065,-1.7400000095367432
1702422065.632341,71107,-1.7200000286102295
1702422067.2540853,71219,-1.6299999952316284
1702422076.426343,71780,-1.690000057220459
1702422079.886112,72010,-1.7699999809265137
1702422080.5973682,72053,-1.6200000047683716
1702422080.9457645,72075,-1.6200000047683716
1702422082.503485,72182,-1.6100000143051147
1702422087.907094,72552,-1.840000033378601
1702422089.8144822,72677,-1.75
1702422098.000898,73242,-1.7000000476837158
1702422102.4072306,73533,-1.6399999856948853
1702422106.985689,73844,-1.7799999713897705
1702422112.9974854,74250,-1.7200000286102295
1702422114.8572502,74372,-1.7100000381469727
1702422115.3780704,74407,-1.7999999523162842
1702422124.6768913,75027,-1.7400000095367432
1702422125.5312233,75086,-1.7799999713897705
1702422127.3032186,75198,-1.6699999570846558
1702422138.9412284,75982,-1.6200000047683716
1702422140.8854368,76112,-1.6799999475479126
1702422141.185777,76134,-1.6799999475479126
1702422141.957251,76182,-1.6699999570846558
1702422142.0797985,76192,-1.6699999570846558
1702422145.9565985,76449,-1.5700000524520874
1702422146.7630243,76504,-1.6399999856948853
1702422147.2168891,76535,-1.6200000047683716
1702422151.797459,76853,-1.8300000429153442
1702422152.2550948,76886,-1.8200000524520874
1702422154.936801,77068,-1.7899999618530273
1702422158.5205023,77317,-1.8600000143051147
1702422160.672933,77462,-1.840000033378601
1702422161.0267186,77486,-1.8799999952316284
1702422168.9541674,78031,-1.6699999570846558
1702422172.8471606,78291,-1.7000000476837158
1702422173.88324,78363,-1.7100000381469727
1702422178.9585514,78716,-1.6799999475479126
1702422188.1792533,79329,-1.5700000524520874
1702422190.8773022,79516,-1.7100000381469727
1702422194.2231228,79739,-1.649999976158142
1702422202.006456,80274,-1.75
1702422202.4490762,80308,-1.7599999904632568
1702422210.0393622,80819,-1.840000033378601
1702422214.6641502,81129,-1.7599999904632568
1702422215.927243,81213,-1.5800000429153442
1702422216.520549,81253,-1.5800000429153442
1702422217.8452456,81340,-1.6200000047683716
1702422223.696942,81732,-1.659999966621399
1702422224.4884267,81788,-1.659999966621399
1702422229.458036,82123,-1.6200000047683716
1702422230.7662172,82213,-1.6799999475479126
1702422235.5079029,82527,-1.6399999856948853
1702422237.2931557,82651,-1.5399999618530273
1702422237.6072183,82671,-1.5399999618530273
1702422243.9471974,83092,-1.899999976158142
1702422245.7969856,83215,-1.7200000286102295
1702422252.5418189,83663,-1.7000000476837158
1702422263.178143,84379,-1.6200000047683716
1702422264.5303895,84469,-1.5
1702422265.019724,84503,-1.590000033378601
1702422277.0244317,85300,-1.5399999618530273
1702422277.382265,85322,-1.559999942779541
1702422277.5323026,85331,-1.5399999618530273
1702422285.9137855,85890,-1.659999966621399
1702422290.617419,86191,-1.690000057220459
1702422301.2547724,86890,-1.6699999570846558
1702422307.3226428,87292,-1.5499999523162842
1702422321.9872186,88259,-1.590000033378601
1702422324.5503802,88432,-1.649999976158142
1702422326.8447824,88583,-1.7100000381469727
1702422336.1698594,89220,-1.6299999952316284
1702422339.623308,89455,-1.6699999570846558
1702422351.1836874,90233,-1.7400000095367432
1702422351.4846263,90252,-1.7400000095367432
1702422356.575566,90602,-1.7699999809265137
1702422360.4239497,90859,-1.6799999475479126
1702422362.5208745,91002,-1.600000023841858
1702422369.6626918,91480,-1.809999942779541
1702422373.799436,91758,-1.4800000190734863
1702422374.1409273,91780,-1.5099999904632568
1702422374.7072687,91819,-1.5099999904632568
1702422377.0960522,91977,-1.5800000429153442
1702422383.6787105,92428,-1.6799999475479126
1702422384.137867,92459,-1.649999976158142
1702422392.6637437,93036,-1.690000057220459
1702422397.904881,93387,-1.7000000476837158
1702422400.5740423,93564,-1.6799999475479126
1702422401.0441797,93596,-1.6799999475479126
1702422406.699045,93981,-1.8200000524520874
1702422406.9873204,94001,-1.7999999523162842
1702422408.1389573,94078,-1.7200000286102295
1702422413.7638695,94451,-1.590000033378601
1702422417.2104156,94687,-1.7999999523162842
1702422421.0692794,94942,-1.659999966621399
1702422421.876769,94997,-1.659999966621399
1702422422.8389797,95063,-1.649999976158142
1702422427.1501327,95349,-1.659999966621399
1702422430.2757092,95552,-1.600000023841858
1702422431.005199,95601,-1.5199999809265137
1702422433.281933,95756,-1.5199999809265137
1702422434.137188,95813,-1.6100000143051147
1702422440.889846,96258,-1.659999966621399
1702422444.9593468,96536,-1.7799999713897705
1702422445.2565556,96556,-1.7599999904632568
1702422447.8488455,96725,-1.7200000286102295
1702422449.462241,96834,-1.659999966621399
1702422457.4776945,97375,-1.659999966621399
1702422460.4189382,97571,-1.5700000524520874
1702422462.3632572,97699,-1.5499999523162842
1702422463.2149258,97757,-1.4700000286102295
1702422465.2644494,97891,-1.5099999904632568
1702422474.5718606,98522,-1.7699999809265137
1702422478.3016958,98769,-1.659999966621399
1702422479.0334163,98818,-1.6299999952316284
1702422482.8605328,99075,-1.6399999856948853
1702422484.6503725,99194,-1.7100000381469727
1702422486.4832911,99314,-1.6799999475479126
1702422488.4926724,99448,-1.649999976158142
1702422492.3344872,99703,-1.649999976158142
1702422507.4811933,100710,-1.690000057220459
1702422507.6314263,100720,-1.7100000381469727
1702422508.3170195,100767,-1.7400000095367432
1702422511.505953,100978,-1.6799999475479126
1702422520.1517992,101557,-1.6399999856948853
1702422521.7461107,101658,-1.5800000429153442
1702422524.7845132,101861,-1.6200000047683716
1702422533.1944726,102421,-1.5199999809265137
1702422534.5416741,102515,-1.5700000524520874
1702422536.4964247,102642,-1.5800000429153442
1702422536.9900901,102673,-1.6100000143051147
1702422538.135467,102747,-1.6200000047683716
1702422539.38131,102829,-1.6399999856948853
1702422539.8251648,102858,-1.590000033378601
1702422541.781709,102987,-1.600000023841858
1702422546.184322,103280,-1.7300000190734863
1702422546.8291452,103323,-1.75
1702422548.4377358,103432,-1.5800000429153442
1702422561.2468584,104287,-1.840000033378601
1702422563.5567942,104440,-1.7300000190734863
1702422564.8514311,104527,-1.7300000190734863
1702422567.3785086,104700,-1.840000033378601
1702422578.1300118,105411,-1.7799999713897705
1702422582.8468323,105717,-1.6299999952316284
1702422583.3244834,105751,-1.649999976158142
1702422587.2768912,106017,-1.5499999523162842
1702422590.8313482,106254,-1.7000000476837158
1702422605.4891677,107249,-1.7000000476837158
1702422606.8889263,107334,-1.6299999952316284
1702422610.6232297,107584,-1.7000000476837158
1702422613.4619725,107773,-1.6299999952316284
1702422623.111528,108412,-1.559999942779541
1702422628.177992,108748,-1.7599999904632568
1702422636.9754102,109339,-1.7799999713897705
1702422638.5542912,109444,-1.600000023841858
1702422641.5565238,109650,-1.7599999904632568
1702422643.126452,109754,-1.75
1702422643.247184,109760,-1.7100000381469727
1702422646.2270029,109959,-1.5099999904632568
1702422649.7381206,110192,-1.5099999904632568
1702422652.6317365,110396,-1.659999966621399
1702422658.7897873,110802,-1.6299999952316284
1702422659.273254,110834,-1.6100000143051147
1702422660.4108922,110905,-1.600000023841858
1702422662.1437693,111021,-1.7400000095367432
1702422662.6385643,111053,-1.7200000286102295
1702422665.0268428,111208,-1.6699999570846558
1702422670.6081054,111577,-1.7699999809265137
1702422673.6522937,111778,-1.7100000381469727
1702422686.6696842,112637,-1.7899999618530273
1702422692.3173046,113016,-1.7000000476837158
1702422694.964947,113189,-1.5700000524520874
1702422697.4518592,113352,-1.659999966621399
1702422699.1117287,113463,-1.6200000047683716
1702422699.947382,113518,-1.5499999523162842
1702422703.8422542,113777,-1.590000033378601
1702422705.558347,113891,-1.6299999952316284
1702422708.2507026,114074,-1.6299999952316284
1702422709.904016,114181,-1.5199999809265137
1702422710.44034,114217,-1.5299999713897705
1702422713.694044,114441,-1.7999999523162842
1702422715.083755,114534,-1.840000033378601
1702422716.790481,114650,-1.8200000524520874
1702422722.5889843,115038,-1.7699999809265137
1702422723.37301,115093,-1.8200000524520874
1702422733.2031574,115737,-1.5700000524520874
1702422733.3473365,115746,-1.5700000524520874
1702422738.2912228,116073,-1.6200000047683716
1702422746.4128587,116623,-1.7000000476837158
1702422747.7311125,116712,-1.690000057220459
1702422753.3492367,117078,-1.5399999618530273
1702422755.0405369,117192,-1.5499999523162842
1702422756.9114556,117319,-1.590000033378601
1702422759.652371,117497,-1.6699999570846558
1702422778.006907,118730,-1.6799999475479126
1702422778.627893,118772,-1.75
1702422780.8483095,118922,-1.6699999570846558
1702422783.5000896,119098,-1.5299999713897705
1702422784.4545293,119161,-1.600000023841858
1702422791.8168147,119615,-1.7599999904632568
1702422794.6856835,119793,-1.7699999809265137
1702422796.6267598,119916,-1.7599999904632568
1702422799.5686395,120102,-1.7200000286102295
1702422802.9990797,120321,-1.7100000381469727
1702422803.9179215,120374,-1.7200000286102295
1702422804.1868353,120394,-1.659999966621399
1702422805.2259262,120457,-1.659999966621399
1702422808.67717,120679,-1.7400000095367432
1702422809.162955,120709,-1.7100000381469727
1702422809.9482715,120760,-1.7300000190734863
1702422811.3719094,120856,-1.6799999475479126
1702422825.5725975,121804,-1.6100000143051147
1702422826.0623386,121838,-1.6399999856948853
1702422830.4026575,122135,-1.6799999475479126
1702422831.2841418,122192,-1.659999966621399
1702422832.0667338,122242,-1.7100000381469727
1702422841.4133685,122859,-1.5800000429153442
1702422845.5379543,123130,-1.600000023841858
1702422847.1182342,123235,-1.6699999570846558
1702422852.1966822,123567,-1.5099999904632568
1702422852.3819017,123579,-1.5399999618530273
1702422853.8564646,123679,-1.659999966621399
1702422860.1157954,124107,-1.7899999618530273
1702422861.4656026,124198,-1.7799999713897705
1702422862.3514934,124257,-1.7899999618530273
1702422867.4980247,124601,-1.7000000476837158
1702422875.0618358,125109,-1.7200000286102295
1702422875.658778,125148,-1.6299999952316284
1702422879.2828298,125380,-1.5099999904632568
1702422882.106642,125567,-1.659999966621399
1702422882.565904,125596,-1.6100000143051147
1702422885.9472592,125821,-1.6699999570846558
1702422887.657071,125933,-1.6699999570846558
1702422891.8055851,126207,-1.8799999952316284
1702422892.9574625,126285,-1.7999999523162842
1702422895.6990588,126468,-1.7100000381469727
1702422895.9979048,126489,-1.690000057220459
1702422896.4930904,126525,-1.7200000286102295
1702422899.8499906,126749,-1.690000057220459
1702422901.0589123,126823,-1.6699999570846558
1702422904.6215556,127059,-1.5700000524520874
1702422907.5298634,127246,-1.7100000381469727
1702422910.4236157,127445,-1.7599999904632568
1702422911.343651,127508,-1.7300000190734863
1702422912.8962283,127614,-1.7300000190734863
1702422915.8211439,127806,-1.559999942779541
1702422920.1672323,128095,-1.7000000476837158
1702422921.3924289,128177,-1.7100000381469727
1702422924.722552,128404,-1.6799999475479126
1702422936.0373516,129168,-1.5700000524520874
1702422947.4397004,129931,-1.6399999856948853
1702422948.4758463,130002,-1.659999966621399
1702422952.84281,130299,-1.7699999809265137
1702422956.2931345,130528,-1.7000000476837158
1702422960.5926404,130815,-1.75
1702422961.9665244,130907,-1.690000057220459
1702422967.252204,131261,-1.7599999904632568
1702422970.7210674,131488,-1.7200000286102295
1702422977.8719478,131961,-1.7699999809265137
1702422978.3972335,131994,-1.7599999904632568
1702422981.6272388,132210,-1.7200000286102295
1702422982.7497246,132285,-1.7000000476837158
1702422986.9976192,132562,-1.659999966621399
1702422998.0235674,133288,-1.5399999618530273
1702422999.4136355,133380,-1.4700000286102295
1702423000.6185217,133459,-1.5700000524520874
1702423002.7658849,133602,-1.690000057220459
1702423006.2871084,133837,-1.649999976158142
1702423007.978184,133950,-1.659999966621399
1702423012.322559,134237,-1.6299999952316284
1702423016.270015,134495,-1.7100000381469727
1702423017.2444394,134561,-1.7000000476837158
1702423020.8852563,134806,-1.6399999856948853
1702423023.9162874,135007,-1.7599999904632568
1702423033.6917343,135657,-1.7300000190734863
1702423035.1577945,135754,-1.7000000476837158
1702423042.223337,136229,-1.6200000047683716
1702423046.6240926,136517,-1.590000033378601
1702423047.1194468,136552,-1.6299999952316284
1702423053.6250525,136988,-1.7000000476837158
1702423057.496593,137253,-1.75
1702423068.0767064,137954,-1.7999999523162842
1702423080.6874826,138791,-1.649999976158142
1702423081.5409095,138847,-1.6699999570846558
1702423082.054271,138880,-1.75
1702423084.265574,139030,-1.7100000381469727
1702423086.150384,139153,-1.6299999952316284
1702423089.7589207,139390,-1.6200000047683716
1702423090.5662613,139447,-1.4900000095367432
1702423093.1725516,139618,-1.7100000381469727
1702423095.6723123,139788,-1.7400000095367432
1702423099.225595,140017,-1.399999976158142
1702423102.0323613,140202,-1.600000023841858
1702423111.7344165,140847,-1.6799999475479126
1702423113.409807,140956,-1.6399999856948853
1702423116.4602735,141154,-1.5099999904632568
1702423117.6004171,141229,-1.5399999618530273
1702423118.3289518,141278,-1.5099999904632568
1702423136.0228822,142467,-1.8300000429153442
1702423136.5002735,142501,-1.8899999856948853
1702423139.9552848,142731,-1.7300000190734863
1702423140.7331295,142785,-1.7400000095367432
1702423147.8540509,143258,-1.7000000476837158
1702423149.6780047,143379,-1.7100000381469727
1702423151.3050268,143486,-1.6799999475479126
1702423151.9564638,143529,-1.7100000381469727
1702423156.7058573,143845,-1.7000000476837158
1702423158.241844,143945,-1.7999999523162842
1702423161.8626218,144191,-1.7000000476837158
1702423162.0345848,144200,-1.6699999570846558
1702423163.9132955,144332,-1.659999966621399
1702423168.9795446,144675,-1.7799999713897705
1702423170.3988063,144764,-1.6699999570846558
1702423173.1272326,144947,-1.590000033378601
1702423173.9159315,145000,-1.6399999856948853
1702423175.319829,145092,-1.6699999570846558
1702423176.6000943,145174,-1.6299999952316284
1702423177.843153,145256,-1.559999942779541
1702423180.5505013,145430,-1.559999942779541
1702423185.2641354,145745,-1.590000033378601
1702423186.8859174,145857,-1.6699999570846558
1702423192.9241977,146260,-1.7300000190734863
1702423194.3390331,146354,-1.7400000095367432
1702423194.4920573,146365,-1.7400000095367432
1702423197.8588285,146586,-1.5199999809265137
1702423198.9014564,146658,-1.5199999809265137
1702423203.4395287,146957,-1.7300000190734863
1702423205.0967524,147071,-1.8799999952316284
1702423205.8819947,147125,-1.840000033378601
1702423207.6931562,147241,-1.7300000190734863
1702423209.0605726,147335,-1.6399999856948853
1702423211.2207782,147477,-1.5299999713897705
1702423217.451143,147898,-1.8200000524520874
1702423217.963468,147930,-1.7999999523162842
1702423223.3220327,148290,-1.6299999952316284
1702423224.080652,148338,-1.690000057220459
1702423227.6700847,148579,-1.649999976158142
1702423228.657958,148642,-1.6100000143051147
1702423229.003786,148666,-1.6100000143051147
1702423235.3215408,149094,-1.7100000381469727
1702423236.338167,149160,-1.7100000381469727
1702423236.6637907,149182,-1.7100000381469727
1702423238.3644476,149296,-1.659999966621399
1702423239.15224,149351,-1.6799999475479126
1702423241.3795843,149498,-1.659999966621399
1702423242.7944298,149590,-1.6399999856948853
1702423245.4851537,149775,-1.7699999809265137
1702423249.5500298,150053,-1.7799999713897705
1702423252.441509,150243,-1.5199999809265137
1702423253.828871,150332,-1.5199999809265137
1702423256.5430174,150514,-1.5099999904632568
1702423260.6779187,150784,-1.5
1702423264.3010924,151037,-1.7200000286102295
1702423264.635192,151059,-1.75
1702423264.786973,151069,-1.7599999904632568
1702423274.1294203,151702,-1.690000057220459
1702423274.5646565,151729,-1.6200000047683716
1702423275.9816039,151830,-1.659999966621399
1702423281.9242816,152222,-1.559999942779541
1702423290.4280286,152790,-1.8700000047683716
1702423298.251256,153309,-1.4800000190734863
1702423299.557991,153397,-1.5399999618530273
1702423305.3837612,153783,-1.7200000286102295
1702423308.0398037,153962,-1.6200000047683716
1702423311.198678,154170,-1.6399999856948853
1702423315.6071506,154470,-1.6399999856948853
1702423316.0659347,154500,-1.649999976158142
1702423317.1563997,154575,-1.649999976158142
1702423317.4644604,154597,-1.6799999475479126
1702423320.1610096,154777,-1.6699999570846558
1702423321.4564483,154861,-1.6399999856948853
1702423322.8468833,154951,-1.5299999713897705
1702423325.2214696,155108,-1.559999942779541
1702423327.8194604,155278,-1.6799999475479126
1702423333.9710882,155692,-1.7200000286102295
1702423335.8156507,155815,-1.6299999952316284
1702423337.5589428,155929,-1.5
1702423339.4390402,156057,-1.590000033378601
1702423341.6947649,156214,-1.850000023841858
1702423342.0639772,156238,-1.8200000524520874
1702423347.7328324,156609,-1.5299999713897705
1702423353.5985014,157004,-1.7400000095367432
1702423357.6881623,157273,-1.4800000190734863
1702423360.0772822,157433,-1.600000023841858
1702423364.8799572,157752,-1.659999966621399
1702423368.627878,158003,-1.6399999856948853
1702423371.456478,158188,-1.5700000524520874
1702423376.6934574,158532,-1.6200000047683716
1702423380.8415303,158813,-1.590000033378601
1702423382.9510412,158953,-1.7100000381469727
1702423383.2786179,158976,-1.7200000286102295
1702423386.6716986,159201,-1.659999966621399
1702423387.5479784,159261,-1.7599999904632568
1702423389.5943887,159392,-1.5199999809265137
1702423391.3154323,159511,-1.6299999952316284
1702423392.1827602,159566,-1.6200000047683716
1702423393.3205235,159642,-1.7400000095367432
1702423396.2531056,159840,-1.6299999952316284
1702423398.1617002,159968,-1.6399999856948853
1702423413.4646282,160998,-1.7000000476837158
1702423415.648706,161146,-1.5399999618530273
1702423417.4248698,161267,-1.5800000429153442
1702423418.0957272,161308,-1.5700000524520874
1702423420.5120358,161474,-1.6200000047683716
1702423425.6754675,161825,-1.649999976158142
1702423427.119017,161919,-1.649999976158142
1702423433.7797084,162368,-1.600000023841858
1702423436.862888,162577,-1.6399999856948853
1702423437.3683882,162612,-1.6699999570846558
1702423439.8005471,162780,-1.659999966621399
1702423442.4588857,162960,-1.7599999904632568
1702423453.7347455,163716,-1.590000033378601
1702423455.2492669,163816,-1.6100000143051147
1702423460.064502,164150,-1.649999976158142
1702423463.0754313,164349,-1.6799999475479126
1702423463.5613,164382,-1.649999976158142
1702423467.0085566,164617,-1.6799999475479126
1702423477.2561715,165297,-1.600000023841858
1702423478.4821017,165384,-1.6399999856948853
1702423481.780483,165604,-1.6299999952316284
1702423485.1528265,165832,-1.590000033378601
1702423489.5533242,166129,-1.590000033378601
1702423496.6415312,166612,-1.5299999713897705
1702423500.8818138,166899,-1.5499999523162842
1702423510.1203961,167512,-1.5099999904632568
1702423512.6754112,167690,-1.690000057220459
1702423517.511019,168017,-1.6799999475479126
1702423521.929615,168311,-1.5099999904632568
1702423525.813113,168570,-1.590000033378601
1702423526.6063108,168621,-1.590000033378601
1702423528.615066,168760,-1.6399999856948853
1702423530.7460587,168902,-1.690000057220459
1702423531.7064576,168964,-1.7200000286102295
1702423538.424144,169420,-1.6399999856948853
1702423538.5843928,169431,-1.6299999952316284
1702423541.6879392,169635,-1.5800000429153442
1702423550.997984,170273,-1.7000000476837158
1702423553.4917016,170446,-1.6399999856948853
1702423557.9472785,170736,-1.7200000286102295
1702423558.0840683,170745,-1.7200000286102295
1702423559.3635218,170832,-1.7000000476837158
1702423561.0930614,170946,-1.5299999713897705
1702423562.921103,171071,-1.5
1702423565.152594,171221,-1.559999942779541
1702423565.8680105,171268,-1.6100000143051147
1702423568.5253987,171440,-1.559999942779541
1702423571.4091356,171631,-1.6200000047683716
1702423574.3707576,171831,-1.6799999475479126
1702423576.8724964,171998,-1.7400000095367432
1702423578.4473085,172102,-1.7100000381469727
1702423578.9061952,172133,-1.7100000381469727
1702423580.945297,172267,-1.690000057220459
1702423581.1030235,172277,-1.6699999570846558
1702423581.7085013,172316,-1.6699999570846558
1702423586.373332,172625,-1.7599999904632568
1702423590.413371,172895,-1.600000023841858
1702423595.7162888,173256,-1.7599999904632568
1702423597.9881172,173406,-1.6299999952316284
1702423603.627606,173783,-1.5499999523162842
1702423611.7275279,174321,-1.5800000429153442
1702423612.4046288,174368,-1.659999966621399
1702423615.5483835,174579,-1.690000057220459
1702423623.490402,175113,-1.7100000381469727
1702423628.0320792,175420,-1.5800000429153442
1702423634.6431246,175867,-1.7000000476837158
1702423642.6392267,176397,-1.6399999856948853
1702423644.976046,176554,-1.6399999856948853
1702423646.325316,176644,-1.659999966621399
1702423647.31376,176709,-1.7000000476837158
1702423655.088668,177231,-1.649999976158142
1702423655.5975854,177263,-1.6699999570846558
1702423656.0106792,177291,-1.600000023841858
1702423658.157976,177437,-1.6799999475479126
1702423662.4183588,177724,-1.690000057220459
1702423666.3933084,177992,-1.6799999475479126
1702423667.5346086,178073,-1.690000057220459
1702423671.056315,178306,-1.690000057220459
1702423676.2549381,178651,-1.559999942779541
1702423682.1108775,179036,-1.7300000190734863
1702423685.7831955,179278,-1.6100000143051147
1702423686.1925504,179311,-1.659999966621399
1702423688.1221156,179436,-1.440000057220459
1702423688.7134552,179473,-1.4299999475479126
1702423696.3334894,179986,-1.6100000143051147
1702423696.4983435,179996,-1.600000023841858
1702423699.5831437,180210,-1.7899999618530273
1702423700.102997,180242,-1.7699999809265137
1702423701.5776217,180346,-1.8200000524520874
1702423701.7426963,180356,-1.8200000524520874
1702423702.641572,180419,-1.7699999809265137
1702423705.7720795,180630,-1.6399999856948853
1702423706.097925,180650,-1.6399999856948853
1702423719.2234998,181530,-1.6399999856948853
1702423720.1845777,181595,-1.659999966621399
1702423732.040575,182385,-1.5800000429153442
1702423741.7224803,183037,-1.6299999952316284
1702423742.6696868,183099,-1.659999966621399
1702423746.191455,183335,-1.5499999523162842
1702423752.2615488,183731,-1.6399999856948853
1702423752.4537003,183742,-1.6200000047683716
1702423753.364749,183804,-1.6699999570846558
1702423754.829706,183901,-1.6699999570846558
1702423757.4636917,184076,-1.6299999952316284
1702423759.3559754,184200,-1.5099999904632568
1702423760.3500447,184269,-1.590000033378601
1702423763.7036417,184494,-1.850000023841858
1702423764.3089619,184535,-1.7799999713897705
1702423769.7084937,184896,-1.6299999952316284
1702423777.5160549,185412,-1.6299999952316284
1702423781.3193467,185665,-1.649999976158142
1702423784.973024,185909,-1.649999976158142
1702423790.5758665,186281,-1.590000033378601
1702423794.2906914,186533,-1.6200000047683716
1702423794.76003,186567,-1.659999966621399
1702423804.095108,187189,-1.4900000095367432
1702423806.47578,187346,-1.5099999904632568
1702423807.4221787,187404,-1.5700000524520874
1702423812.2209418,187726,-1.6799999475479126
1702423813.6251614,187822,-1.6699999570846558
1702423814.2589316,187865,-1.7200000286102295
1702423815.1673899,187925,-1.6699999570846558
1702423824.7418532,188562,-1.690000057220459
1702423829.9685965,188919,-1.7100000381469727
1702423830.1249323,188929,-1.7100000381469727
1702423831.4329085,189018,-1.7799999713897705
1702423832.064947,189058,-1.6799999475479126
1702423834.6274724,189232,-1.6100000143051147
1702423835.5877068,189296,-1.5499999523162842
1702423836.227077,189339,-1.5800000429153442
1702423840.5004892,189630,-1.690000057220459
1702423844.7753923,189908,-1.6100000143051147
1702423847.5948458,190105,-1.600000023841858
1702423852.6065302,190440,-1.600000023841858
1702423852.756008,190450,-1.6100000143051147
1702423852.951741,190463,-1.6299999952316284
1702423856.851866,190725,-1.75
1702423867.1370575,191405,-1.6799999475479126
1702423869.0576115,191534,-1.6699999570846558
1702423879.0522928,192201,-1.6699999570846558
1702423885.6189103,192631,-1.600000023841858
1702423886.3190787,192678,-1.7200000286102295
1702423893.099015,193124,-1.5199999809265137
1702423896.2729385,193341,-1.8300000429153442
1702423902.0463803,193721,-1.5700000524520874
1702423906.7101593,194030,-1.5299999713897705
1702423907.9336033,194115,-1.7200000286102295
1702423909.6180043,194230,-1.8200000524520874
1702423912.4719565,194425,-1.75
1702423916.0754619,194669,-1.659999966621399
1702423918.6410403,194850,-1.6299999952316284
1702423919.580501,194912,-1.6200000047683716
1702423920.712341,194987,-1.690000057220459
1702423928.234861,195484,-1.6100000143051147
1702423929.0213258,195535,-1.6200000047683716
1702423931.3735492,195693,-1.5199999809265137
1702423932.3182652,195755,-1.5
1702423933.779365,195853,-1.4900000095367432
1702423936.5016654,196032,-1.4800000190734863
1702423939.0922012,196197,-1.4199999570846558
1702423939.3662462,196215,-1.399999976158142
1702423944.5624976,196566,-1.8300000429153442
1702423949.2030706,196876,-1.4800000190734863
1702423956.8816006,197391,-1.7200000286102295
1702423958.8653774,197521,-1.7400000095367432
1702423960.5210807,197630,-1.5800000429153442
1702423970.447823,198286,-1.6100000143051147
1702423975.2021277,198604,-1.559999942779541
1702423980.9184608,198984,-1.590000033378601
1702423985.0486026,199264,-1.909999966621399
1702423986.492384,199360,-1.8200000524520874
1702423987.5031338,199428,-1.840000033378601
1702423989.9402995,199589,-1.7200000286102295
1702423992.6519432,199770,-1.649999976158142
1702423994.7905407,199911,-1.600000023841858
1702423995.241787,199942,-1.6299999952316284
1702423998.2937977,200147,-1.6299999952316284
1702424001.277684,200349,-1.7100000381469727
1702424019.2553384,201546,-1.6699999570846558
1702424020.5202553,201629,-1.6399999856948853
1702424021.5187893,201699,-1.7300000190734863
1702424025.267615,201957,-1.690000057220459
1702424025.4039555,201964,-1.649999976158142
1702424031.2678242,202356,-1.5700000524520874
1702424035.3191156,202632,-1.5399999618530273
1702424037.2499256,202760,-1.6399999856948853
1702424040.5197747,202973,-1.5700000524520874
1702424050.094045,203614,-1.7699999809265137
1702424052.2182424,203753,-1.7300000190734863
1702424053.762954,203859,-1.7000000476837158
1702424054.4138353,203903,-1.659999966621399
1702424061.7151997,204386,-1.590000033378601
1702424073.1532955,205138,-1.4299999475479126
1702424076.6107008,205372,-1.6299999952316284
1702424077.245437,205415,-1.6699999570846558
1702424077.5504832,205435,-1.659999966621399
1702424077.7081475,205446,-1.690000057220459
1702424079.193849,205544,-1.600000023841858
1702424082.437877,205761,-1.6399999856948853
1702424086.511591,206029,-1.5700000524520874
1702424092.001131,206392,-1.7100000381469727
1702424093.4088638,206487,-1.7100000381469727
1702424102.2237148,207070,-1.6699999570846558
1702424110.7180226,207630,-1.659999966621399
1702424114.7510293,207898,-1.559999942779541
1702424115.5776525,207954,-1.559999942779541
1702424118.857802,208169,-1.7100000381469727
1702424126.6868682,208681,-1.5199999809265137
1702424127.3758032,208727,-1.5399999618530273
1702424132.3909433,209061,-1.659999966621399
1702424140.1325686,209581,-1.6799999475479126
1702424143.448827,209802,-1.7400000095367432
1702424148.673067,210151,-1.75
1702424150.324589,210264,-1.7599999904632568
1702424150.4930058,210275,-1.7799999713897705
1702424154.285297,210528,-1.5299999713897705
1702424155.662399,210616,-1.5299999713897705
1702424157.8486972,210760,-1.4900000095367432
1702424164.4325948,211199,-1.559999942779541
1702424168.4575114,211460,-1.6100000143051147
1702424180.4364889,212259,-1.6100000143051147
1702424191.133023,212967,-1.659999966621399
1702424195.9347732,213287,-1.6200000047683716
1702424201.1591816,213633,-1.5700000524520874
1702424201.348786,213645,-1.5800000429153442
1702424204.8657396,213886,-1.7100000381469727
1702424210.7858403,214284,-1.600000023841858
1702424211.5760515,214337,-1.6200000047683716
1702424212.4309843,214397,-1.7200000286102295
1702424214.0695584,214502,-1.6699999570846558
1702424218.2957318,214789,-1.6299999952316284
1702424218.450002,214800,-1.6399999856948853
1702424219.6146579,214881,-1.7100000381469727
1702424221.8776443,215032,-1.7799999713897705
1702424223.609367,215145,-1.6399999856948853
1702424226.454793,215333,-1.5800000429153442
1702424226.7440915,215352,-1.590000033378601
1702424230.2508605,215592,-1.590000033378601
1702424230.4029078,215602,-1.6100000143051147
1702424230.5591912,215614,-1.6200000047683716
1702424230.9666111,215642,-1.5499999523162842
1702424234.0390592,215844,-1.6299999952316284
1702424239.2975354,216201,-1.5099999904632568
1702424242.062627,216384,-1.659999966621399
1702424244.0585651,216517,-1.690000057220459
1702424244.1785731,216525,-1.659999966621399
1702424245.7509186,216629,-1.5700000524520874
1702424247.45457,216743,-1.5700000524520874
1702424249.0985913,216847,-1.5700000524520874
1702424250.33127,216928,-1.5700000524520874
1702424251.8250287,217031,-1.5399999618530273
1702424259.4670906,217535,-1.600000023841858
1702424260.8061438,217623,-1.6399999856948853
1702424261.4358726,217666,-1.690000057220459
1702424265.5946944,217948,-1.5199999809265137
1702424267.9367228,218102,-1.649999976158142
1702424268.8244822,218161,-1.6100000143051147
1702424270.868327,218292,-1.4500000476837158
1702424271.169248,218313,-1.4299999475479126
1702424272.2441943,218383,-1.399999976158142
1702424273.3977475,218461,-1.600000023841858
1702424273.552098,218471,-1.559999942779541
1702424274.2604592,218523,-1.659999966621399
1702424278.3109632,218795,-1.7200000286102295
1702424279.9419572,218903,-1.7000000476837158
1702424280.5765834,218946,-1.6799999475479126
1702424283.1068676,219116,-1.690000057220459
1702424285.3077796,219263,-1.649999976158142
1702424290.9707594,219640,-1.6399999856948853
1702424291.1304371,219651,-1.659999966621399
1702424292.194224,219722,-1.659999966621399
1702424293.9410834,219834,-1.6200000047683716
1702424301.4948947,220342,-1.649999976158142
1702424301.6235454,220350,-1.6399999856948853
1702424302.390322,220401,-1.6299999952316284
1702424306.583529,220679,-1.5800000429153442
1702424309.4719787,220872,-1.659999966621399
1702424312.5565383,221075,-1.559999942779541
1702424329.9663992,222246,-1.6200000047683716
1702424331.423668,222341,-1.659999966621399
1702424333.7966917,222500,-1.5399999618530273
1702424334.2896051,222531,-1.5299999713897705
1702424335.6864576,222623,-1.5099999904632568
1702424340.1631036,222923,-1.659999966621399
1702424345.7604692,223297,-1.7899999618530273
1702424345.9690473,223308,-1.7999999523162842
1702424347.4273813,223403,-1.75
1702424347.8905497,223434,-1.7100000381469727
1702424353.954286,223836,-1.5299999713897705
1702424357.8183525,224091,-1.5499999523162842
1702424360.1344047,224243,-1.590000033378601
1702424360.4764736,224265,-1.590000033378601
1702424361.700066,224350,-1.590000033378601
1702424364.168094,224515,-1.600000023841858
1702424367.2854419,224720,-1.5499999523162842
1702424371.2989454,224982,-1.7400000095367432
1702424374.840139,225221,-1.7300000190734863
1702424379.1551926,225506,-1.5299999713897705
1702424381.0321631,225628,-1.4900000095367432
1702424387.4664998,226059,-1.5800000429153442
1702424387.9538176,226092,-1.5800000429153442
1702424394.3006012,226521,-1.6799999475479126
1702424395.603143,226610,-1.809999942779541
1702424407.9557679,227422,-1.4800000190734863
1702424408.1204789,227434,-1.5099999904632568
1702424422.000521,228361,-1.6399999856948853
1702424423.1758478,228439,-1.5399999618530273
1702424430.0330846,228897,-1.5700000524520874
1702424430.1721284,228906,-1.5499999523162842
1702424438.265206,229446,-1.6299999952316284
1702424439.6612225,229545,-1.6100000143051147
1702424447.7533448,230092,-1.75
1702424449.1440141,230184,-1.5700000524520874
1702424450.358697,230262,-1.590000033378601
1702424455.0545063,230578,-1.7100000381469727
1702424460.771237,230958,-1.4900000095367432
1702424463.5073197,231143,-1.659999966621399
1702424470.2742012,231592,-1.690000057220459
1702424477.8543947,232105,-1.649999976158142
1702424484.3276045,232538,-1.75
1702424487.9403403,232782,-1.440000057220459
1702424490.8949232,232985,-1.6299999952316284
1702424491.6632838,233037,-1.659999966621399
1702424492.4691615,233090,-1.649999976158142
1702424495.344498,233275,-1.600000023841858
1702424496.1948807,233327,-1.590000033378601
1702424496.973528,233381,-1.6100000143051147
1702424498.7337644,233500,-1.590000033378601
1702424501.9859781,233718,-1.5800000429153442
1702424509.3265872,234218,-1.659999966621399
1702424512.5518086,234428,-1.5499999523162842
1702424517.9638004,234788,-1.4800000190734863
1702424520.368281,234945,-1.409999966621399
1702424525.6510274,235289,-1.5199999809265137
1702424527.3932993,235404,-1.600000023841858
1702424529.424039,235532,-1.5299999713897705
1702424535.2471035,235918,-1.600000023841858
1702424536.3293746,235995,-1.6200000047683716
1702424537.0721748,236044,-1.690000057220459
1702424541.0502317,236307,-1.6299999952316284
1702424544.9075909,236570,-1.5399999618530273
1702424557.8172398,237433,-1.6399999856948853
1702424558.2449977,237460,-1.6299999952316284
1702424559.085789,237518,-1.7200000286102295
1702424566.8789718,238038,-1.6299999952316284
1702424569.9972339,238250,-1.649999976158142
1702424572.4486108,238411,-1.7300000190734863
1702424572.8598697,238437,-1.659999966621399
1702424573.1437373,238455,-1.5800000429153442
1702424576.2547011,238666,-1.5499999523162842
1702424577.307074,238736,-1.7100000381469727
1702424580.9119768,238974,-1.600000023841858
1702424584.8998172,239226,-1.5199999809265137
1702424585.2178068,239246,-1.5099999904632568
1702424587.470501,239389,-1.6200000047683716
1702424593.8067045,239804,-1.600000023841858
1702424594.6330683,239861,-1.5499999523162842
1702424596.8349555,240004,-1.5800000429153442
1702424598.563422,240118,-1.5700000524520874
1702424600.012444,240213,-1.649999976158142
1702424600.703167,240259,-1.659999966621399
1702424607.2567947,240697,-1.5
1702424608.381131,240772,-1.5700000524520874
1702424609.0061545,240814,-1.5800000429153442
1702424609.7983236,240868,-1.600000023841858
1702424609.9516928,240878,-1.6100000143051147
1702424616.2743967,241305,-1.7000000476837158
1702424619.1798904,241497,-1.5499999523162842
1702424623.4938376,241791,-1.7000000476837158
1702424627.276636,242042,-1.7200000286102295
1702424637.9406164,242745,-1.4600000381469727
1702424639.522975,242853,-1.590000033378601
1702424641.4360263,242981,-1.6699999570846558
1702424644.1483512,243161,-1.6399999856948853
1702424646.880058,243336,-1.690000057220459
1702424648.038362,243414,-1.6399999856948853
1702424649.3848488,243503,-1.5199999809265137
1702424650.5833867,243584,-1.559999942779541
1702424656.9825253,244009,-1.690000057220459
1702424659.1492398,244154,-1.7400000095367432
1702424659.8657732,244202,-1.6299999952316284
1702424660.8871682,244264,-1.6399999856948853
1702424661.2856472,244292,-1.5800000429153442
1702424673.470289,245093,-1.7699999809265137
1702424673.611712,245103,-1.7400000095367432
1702424673.9044473,245124,-1.7300000190734863
1702424676.764291,245318,-1.590000033378601
1702424680.19456,245539,-1.399999976158142
1702424680.6818438,245571,-1.4299999475479126
1702424685.5443332,245889,-1.659999966621399
1702424689.0197198,246123,-1.7000000476837158
1702424689.7312691,246169,-1.6200000047683716
1702424690.2621791,246205,-1.6699999570846558
1702424691.013707,246252,-1.590000033378601
1702424697.1486871,246658,-1.5
1702424699.4786735,246807,-1.5499999523162842
1702424701.8991177,246965,-1.6100000143051147
1702424703.2978818,247056,-1.600000023841858
1702424703.646967,247081,-1.649999976158142
1702424706.719621,247283,-1.6699999570846558
1702424709.823612,247487,-1.6200000047683716
1702424711.3463511,247589,-1.559999942779541
1702424713.5000222,247735,-1.559999942779541
1702424713.6683953,247746,-1.590000033378601
1702424719.9015193,248164,-1.6299999952316284
1702424720.2757256,248187,-1.6399999856948853
1702424723.6049614,248407,-1.559999942779541
1702424727.186841,248647,-1.5700000524520874
1702424733.4925597,249065,-1.5800000429153442
1702424735.501299,249197,-1.6200000047683716
1702424735.6499367,249207,-1.5800000429153442
1702424737.199544,249312,-1.590000033378601
1702424738.5716946,249399,-1.5499999523162842
1702424738.7156713,249407,-1.5199999809265137
1702424739.0413888,249431,-1.5800000429153442
1702424739.83774,249485,-1.5800000429153442
1702424741.5925868,249599,-1.6100000143051147
1702424743.5272784,249726,-1.6399999856948853
1702424746.913238,249959,-1.6399999856948853
1702424747.411333,249992,-1.659999966621399
