Wall time,Step,Value
1702434214.815565,1780,-90.30328369140625
1702434216.1364403,2043,-104.0264663696289
1702434219.7370443,2502,-106.19685363769531
1702434221.7328618,2774,-105.58113861083984
1702434225.2863414,3208,-105.86730194091797
1702434226.9509027,3516,-105.59723663330078
1702434229.9480464,3871,-107.44900512695312
1702434233.2711477,4353,-109.7274398803711
1702434247.7159817,6225,-111.67533111572266
1702434249.367079,6485,-111.85336303710938
1702434251.4003444,6752,-111.86786651611328
1702434254.4030523,7150,-112.0274887084961
1702434257.3504891,7525,-112.0968017578125
1702434258.9568613,7746,-111.34479522705078
1702434260.6733563,8029,-110.85667419433594
1702434287.1512294,12946,-110.46935272216797
1702434299.3158708,13218,-110.20033264160156
1702434301.0868595,13419,-109.8532943725586
1702434302.519937,13615,-109.5423812866211
1702434304.6113062,13911,-109.21730041503906
1702434306.5807,14173,-109.33317565917969
1702434308.7428913,14480,-109.09733581542969
1702434311.170085,14805,-109.21736907958984
1702434313.3753486,15114,-108.9603500366211
1702434315.9712029,15463,-108.95069122314453
1702434320.0626228,16049,-110.56803894042969
1702434327.7309675,17105,-111.11901092529297
1702434330.395585,17454,-111.05675506591797
1702434333.801945,17920,-111.99381256103516
1702434371.2682295,24320,-112.17176818847656
1702434405.5004902,29197,-112.18394470214844
1702434428.5652583,32520,-111.62002563476562
1702434441.2328284,34352,-111.77030944824219
1702434474.9031603,39222,-111.56049346923828
1702434487.012695,39603,-111.78790283203125
1702434511.2822666,44486,-111.746826171875
1702434522.9191217,44790,-111.84410095214844
1702434526.3323534,46666,-112.52278900146484
1702434539.5060139,47200,-113.31732177734375
1702434552.0531497,49031,-114.1876449584961
1702434564.7841175,50867,-114.61286163330078
1702434566.876578,51160,-114.75052642822266
1702434568.850304,51431,-114.83496856689453
1702434570.826966,51706,-114.77301788330078
1702434595.061257,56573,-115.5591049194336
1702434630.0702968,61440,-116.28465270996094
1702434678.551819,67840,-117.51679229736328
1702434726.9488769,74240,-117.6055679321289
1702434773.719176,79159,-118.74311828613281
1702434800.786377,84177,-120.43321228027344
1702434814.3656209,86118,-120.01641845703125
1702434836.952434,87999,-119.8258285522461
1702434851.3415449,90040,-120.47159576416016
1702434854.3658764,90458,-119.89388275146484
1702434857.8152246,90940,-119.93754577636719
1702434871.1910574,92875,-120.8701400756836
1702434887.1055937,95144,-121.9115219116211
1702434900.2636268,97051,-122.0661849975586
1702434924.9832325,101986,-122.45744323730469
1702434958.4911196,105515,-122.2799301147461
1702434983.2743697,110406,-123.05384063720703
1702435006.625536,113763,-122.91148376464844
1702435018.4558835,114111,-122.80567932128906
1702435033.1955245,117533,-123.04927062988281
1702435045.8982198,117965,-122.88892364501953
1702435049.9393127,119847,-123.53955078125
1702435064.752083,121882,-124.18773651123047
1702435089.707724,123989,-125.1824951171875
1702435099.7341416,125213,-125.69652557373047
1702435103.9675603,126000,-125.58660125732422
1702435119.7328582,127928,-124.99132537841797
1702435135.1403432,130018,-124.27554321289062
1702435151.4565587,132289,-126.01459503173828
1702435154.0341837,132622,-125.0025863647461
1702435156.3441706,132936,-123.27455139160156
1702435160.1505785,134850,-123.27873992919922
1702435187.7824857,138660,-124.01983642578125
1702435211.9935257,142057,-123.28776550292969
1702435256.6439602,146975,-124.12728118896484
1702435279.525585,151545,-124.88459777832031
1702435297.2328842,152748,-124.27532196044922
1702435313.9448068,155158,-122.64056396484375
1702435343.3952613,159304,-121.60726928710938
1702435346.1719503,159831,-120.60798645019531
1702435351.8793557,160613,-120.15833282470703
1702435359.5166037,162992,-119.76310729980469
1702435382.9550488,164981,-120.39411163330078
1702435397.4667764,168437,-119.7952651977539
1702435432.186881,172302,-119.63291931152344
1702435452.5450718,176352,-118.70919799804688
1702435464.8398378,177380,-117.66963958740234
1702435471.9873245,179146,-117.30267333984375
1702435498.6265588,181861,-117.19567108154297
1702435505.7349045,182702,-117.01793670654297
1702435510.6201828,183651,-116.61717987060547
1702435527.2458258,186422,-118.24656677246094
1702435537.9258416,187713,-118.3811264038086
1702435543.2163105,188117,-116.87629699707031
1702435548.5258255,188951,-117.48979187011719
1702435557.8463635,190205,-118.8495101928711
1702435563.9331758,191065,-118.57762908935547
1702435569.5990357,191888,-117.77827453613281
1702435574.7363997,192804,-118.4776840209961
1702435587.95747,194482,-118.11468505859375
1702435594.9470236,196143,-117.08887481689453
1702435606.48469,197188,-116.5656967163086
1702435622.6817758,199411,-117.0786361694336
1702435627.8201401,200499,-116.56315612792969
1702435640.657476,202803,-115.4415283203125
1702435669.348267,207482,-112.20462799072266
1702435691.2216947,210293,-113.30704498291016
1702435713.6307638,213832,-112.50072479248047
1702435741.0190616,217374,-112.45001983642578
1702435770.7292325,222009,-112.27770233154297
1702435799.023982,224915,-112.49824523925781
1702435818.8358035,228926,-111.42970275878906
1702435833.540976,229879,-109.80667114257812
1702435839.0296423,230469,-108.55747985839844
1702435846.428063,232203,-105.95758819580078
1702435867.7532108,234601,-102.3133773803711
1702435885.20587,238460,-94.3019027709961
1702435925.1616256,242900,-85.7060775756836
1702435943.0766423,246764,-80.18453216552734
1702435972.1052864,250932,-72.542724609375
1702436016.943537,257332,-63.2618408203125
1702436051.9307342,261064,-60.352638244628906
1702436069.7084286,263522,-60.34306335449219
1702436092.032816,267059,-56.48516082763672
1702436106.9903407,268973,-53.651615142822266
1702436112.7806995,270864,-49.89588165283203
1702436149.8505692,275390,-38.88296127319336
1702436172.495654,278344,-33.47212219238281
1702436178.9104407,280069,-29.36176872253418
1702436211.5596359,284660,-20.504789352416992
1702436226.3215785,286117,-21.097394943237305
1702436238.1023464,288051,-15.37671184539795
1702436261.0960152,290940,-7.3712615966796875
1702436264.046273,291375,-7.433671474456787
1702436267.5053787,291875,-7.382258415222168
1702436277.3550546,293310,-3.7650094032287598
1702436295.4075673,296577,3.3929078578948975
1702436325.0671957,300546,13.641777992248535
1702436349.7731779,304145,19.050067901611328
1702436371.2567768,307543,22.27508544921875
1702436401.9485407,311972,33.76311111450195
1702436415.1246343,313216,30.95947265625
1702436427.7295017,314969,28.942073822021484
1702436440.8513098,317475,29.060575485229492
1702436455.8982751,319069,26.925153732299805
1702436466.2924547,320731,23.703535079956055
1702436484.2394824,323268,29.54901695251465
1702436495.4588666,325391,37.233497619628906
1702436520.8782873,328265,46.33436584472656
1702436542.0154192,332083,59.67066192626953
1702436566.6589134,335492,69.50090026855469
1702436587.0568795,337823,67.26696014404297
1702436594.2590437,339413,67.48790740966797
1702436615.6490417,341927,72.92124938964844
1702436626.832609,344072,72.26123809814453
1702436642.6297588,345743,75.79635620117188
1702436661.5010285,348800,84.11974334716797
1702436675.3307076,350617,81.55125427246094
1702436687.5443418,352853,90.8517837524414
1702436712.578778,356358,107.10688018798828
1702436730.4024687,358681,111.72545623779297
1702436756.2859497,362844,118.79671478271484
1702436779.8033967,366208,119.52439880371094
1702436799.2387483,368944,123.40091705322266
1702436817.6393573,371554,127.53711700439453
1702436839.767052,374698,125.26702117919922
1702436855.095393,376263,128.0775146484375
1702436867.627919,378628,130.97860717773438
1702436882.9962149,380264,132.11598205566406
1702436896.538899,382768,137.87606811523438
1702436911.8039672,385207,137.08900451660156
1702436932.663258,387526,134.12319946289062
1702436944.6156385,389081,131.30026245117188
1702436954.974299,390613,123.90679931640625
1702436975.3568947,394065,124.28857421875
1702436993.0542424,396037,119.15585327148438
1702437008.938434,399062,121.95996856689453
1702437022.5451362,401311,120.14087677001953
1702437036.7268665,402970,111.70332336425781
1702437052.7024815,405372,110.84321594238281
1702437079.8902593,409089,119.99893188476562
1702437096.186836,411477,115.42103576660156
1702437116.0571852,414371,121.5322494506836
1702437136.1527348,416720,121.32353210449219
1702437162.419309,421593,105.36590576171875
1702437186.0635402,423829,97.17388153076172
1702437193.762274,424700,83.66741943359375
1702437204.9644244,426583,76.08604431152344
1702437229.3697507,429906,77.68661499023438
1702437247.6028476,433240,80.52930450439453
1702437268.8917704,435806,76.1362533569336
1702437282.11574,437546,76.73629760742188
1702437293.1596704,439726,76.28351593017578
1702437303.2876186,440621,71.87489318847656
1702437320.6061862,442920,71.13587188720703
1702437324.5876584,444159,72.05519104003906
1702437343.7952466,446821,77.68475341796875
1702437366.303039,450128,89.27299499511719
1702437386.1016834,452475,93.86985778808594
1702437401.368188,454822,87.1455078125
1702437419.3765771,457515,90.3058853149414
1702437440.0625443,460686,94.45834350585938
1702437463.1910338,463903,104.43132781982422
1702437478.1289818,465822,109.10508728027344
1702437491.262629,467625,107.09266662597656
1702437507.6796684,469800,99.91018676757812
1702437524.9808285,472372,101.54337310791016
1702437533.1765366,473890,94.66802215576172
1702437550.1787975,475875,92.82569885253906
1702437555.3343859,477253,97.94877624511719
1702437562.123801,477587,98.05923461914062
1702437564.37535,477904,96.24796295166016
1702437588.0345893,481266,90.2845687866211
1702437590.3457775,481630,79.08616638183594
1702437592.7968674,481964,66.46000671386719
1702437595.0122488,482253,58.112918853759766
1702437597.088914,482576,51.27776336669922
1702437599.7758749,483140,43.74553298950195
1702437615.4401605,486551,49.429134368896484
1702437639.5393023,489318,51.90568161010742
1702437658.2681696,492145,58.67681121826172
1702437687.1135478,496429,60.23863220214844
1702437709.4005184,499588,50.84523391723633
