Wall time,Step,Value
1702442386.0724237,3388,-103.49201202392578
1702442389.9320757,3685,-104.67525482177734
1702442392.6824014,3895,-103.38127136230469
1702442421.0456462,6057,-105.71599578857422
1702442433.7772696,7014,-109.92000579833984
1702442436.9105198,7254,-110.40116119384766
1702442440.8193536,7552,-111.20928955078125
1702442444.6393466,7841,-111.26409912109375
1702442448.7428606,8156,-111.71106719970703
1702442450.9908469,8325,-111.4872817993164
1702442454.6768928,8608,-111.57913208007812
1702442458.4262435,8893,-111.24573516845703
1702442463.055409,9234,-110.79490661621094
1702442486.3428462,11016,-110.26615905761719
1702442527.4362357,14140,-112.59651184082031
1702442552.0507812,15911,-112.68562316894531
1702442576.7290895,17785,-111.7180404663086
1702442600.559106,19596,-111.00769805908203
1702442624.7138915,21424,-110.88108825683594
1702442628.534268,21714,-111.58805084228516
1702442654.1286738,23671,-112.11973571777344
1702442689.493366,26368,-113.02629089355469
1702442753.2651155,31246,-112.253662109375
1702442777.6887329,33096,-111.8516845703125
1702442782.1896644,33437,-111.77183532714844
1702442796.7054384,34530,-112.43181610107422
1702442836.7818775,37593,-113.18809509277344
1702442843.6204627,38115,-114.41675567626953
1702442907.6869833,43015,-113.45446014404297
1702442971.8568845,47902,-111.26266479492188
1702442978.0688589,48373,-110.89575958251953
1702443026.6749418,52079,-109.8094253540039
1702443110.8056674,58479,-108.5827407836914
1702443174.8418202,63363,-107.4612045288086
1702443220.5756109,66835,-107.61100006103516
1702443281.2455971,71457,-107.65069580078125
1702443359.8409061,77433,-106.7725830078125
1702443426.5802875,82486,-105.3365707397461
1702443444.927829,83889,-104.34617614746094
1702443511.3548584,88956,-100.56338500976562
1702443595.704351,95356,-98.45338439941406
1702443679.8488314,101756,-97.58421325683594
1702443764.2221205,108156,-96.62109375
1702443848.367202,114556,-94.50289916992188
1702443920.0749679,120027,-91.15264129638672
1702443976.5165203,124323,-86.86322021484375
1702443983.134613,124825,-85.49556732177734
1702444020.5151956,127671,-84.62641906738281
1702444064.0830214,130970,-82.48247528076172
1702444067.5179574,131231,-82.34800720214844
1702444132.1529255,136144,-76.99413299560547
1702444201.0964563,141400,-71.44432067871094
1702444246.7719362,144863,-68.43604278564453
1702444331.11076,151263,-62.68021011352539
1702444358.940828,153377,-62.19526672363281
1702444409.5269482,157213,-59.17537307739258
1702444493.8074677,163613,-49.72907257080078
1702444564.322503,168957,-40.9961051940918
1702444646.9078305,175258,-27.337650299072266
1702444709.3406467,180017,-14.234965324401855
1702444779.4065945,185352,1.5261294841766357
1702444821.4033926,188549,10.008917808532715
1702444883.1438797,193242,24.229736328125
1702444942.7787914,197779,39.04157638549805
1702444992.3264253,201546,49.63685607910156
1702445030.30023,204437,56.20901107788086
1702445088.3937385,208858,70.86779022216797
1702445137.9543517,212590,81.49784088134766
1702445159.4057457,214198,84.46542358398438
1702445204.048988,217538,92.53712463378906
1702445261.050971,221852,103.6102523803711
1702445316.6865723,226085,119.35566711425781
1702445371.6195598,230282,134.0898895263672
1702445426.0117972,234427,147.8955841064453
1702445479.0104482,238448,164.06764221191406
1702445531.0066278,242401,175.43496704101562
1702445581.4270105,246252,186.88143920898438
1702445633.2453892,250203,201.14801025390625
1702445684.6478388,254102,210.9765167236328
1702445735.0789204,257934,225.32559204101562
1702445785.650319,261757,238.3941192626953
1702445835.4991796,265543,244.5655517578125
1702445886.481206,269412,251.07357788085938
1702445936.7749622,273240,252.93890380859375
1702445986.5169322,277023,256.43145751953125
1702446036.4482138,280805,257.3437194824219
1702446087.6918883,284705,264.3436584472656
1702446138.8638177,288592,264.9683532714844
1702446189.065279,292373,265.3874816894531
1702446238.8479803,296155,268.89434814453125
1702446287.7848556,299872,276.85015869140625
1702446337.3275921,303646,277.2543029785156
1702446387.2313778,307452,281.65472412109375
1702446436.5932686,311199,293.0036315917969
1702446486.0178037,314942,298.69647216796875
1702446535.2676866,318683,300.38189697265625
1702446585.3025894,322486,300.6450500488281
1702446635.0454118,326264,301.0035705566406
1702446684.1370292,330021,301.26348876953125
1702446732.6937203,333713,301.5372009277344
1702446781.272606,337411,301.7977600097656
1702446828.320641,340992,302.0450439453125
1702446875.7924626,344599,302.2405090332031
1702446923.4626281,348223,302.452392578125
1702446965.4444792,351403,300.11834716796875
1702447013.92796,355093,300.3778076171875
1702447060.837157,358658,300.55572509765625
1702447105.2185822,362049,299.0884704589844
1702447152.4663117,365643,299.3092346191406
1702447198.9477322,369183,299.5360412597656
1702447245.073983,372679,299.77508544921875
1702447290.2978132,376123,300.08831787109375
1702447335.9137943,379562,300.37664794921875
1702447381.6587167,383042,300.6894226074219
1702447427.1018708,386504,300.9498596191406
1702447472.317889,389938,301.234619140625
1702447517.710481,393365,301.5704650878906
1702447563.010733,396807,301.9185791015625
1702447609.4223447,400317,302.1768798828125
1702447649.7230523,403377,299.8580322265625
1702447695.4458833,406843,300.0964660644531
1702447740.810833,410301,300.3760681152344
1702447786.196096,413751,300.6072692871094
1702447831.0039642,417154,300.90283203125
1702447876.2982466,420586,301.0966796875
1702447920.940492,423983,301.33795166015625
1702447965.9744134,427412,301.4743957519531
1702448010.2698734,430790,301.6610107421875
1702448055.0136564,434187,301.79150390625
1702448099.940401,437618,304.5561828613281
1702448144.6374137,441010,304.7568054199219
1702448190.2979877,444482,304.89886474609375
1702448235.5238547,447921,306.7918395996094
1702448280.071511,451303,306.9848327636719
1702448326.2535925,454815,307.05560302734375
1702448369.9777863,458144,307.22222900390625
1702448413.8163333,461484,307.4138488769531
1702448457.5877988,464823,307.57415771484375
1702448501.8915982,468185,307.701904296875
1702448544.870049,471465,307.9284973144531
1702448584.9588256,474520,305.7177734375
1702448628.4685616,477835,305.86810302734375
1702448671.5058556,481123,306.0773620605469
1702448714.4286342,484402,306.2943420410156
1702448757.0456898,487644,309.1202697753906
1702448800.5584342,490952,309.30419921875
1702448842.7332008,494158,309.52679443359375
1702448886.280721,497484,309.6959228515625
