Wall time,Step,Value
1702448922.789835,2048,-122.9527587890625
1702448926.5221329,4096,-110.7011489868164
1702448930.3301232,6144,-109.56171417236328
1702448934.1863115,8192,-111.21554565429688
1702448937.9123094,10240,-110.7692642211914
1702448941.6754687,12288,-110.15787506103516
1702448945.631744,14336,-108.04840087890625
1702448949.3835466,16384,-107.60992431640625
1702448953.088193,18432,-107.22700500488281
1702448956.7247448,20480,-106.6639633178711
1702448960.4863155,22528,-105.21450805664062
1702448964.1874197,24576,-104.2071762084961
1702448967.906805,26624,-103.09711456298828
1702448971.6248035,28672,-100.81092834472656
1702448975.4929528,30720,-99.4021987915039
1702448979.2297754,32768,-98.14712524414062
1702448982.9561336,34816,-96.93072509765625
1702448986.6832616,36864,-94.56968688964844
1702448990.3554404,38912,-93.48531341552734
1702448994.1510427,40960,-92.1963119506836
1702448997.8842123,43008,-90.95083618164062
1702449001.6171196,45056,-88.31262969970703
1702449005.4373355,47104,-86.90743255615234
1702449008.9336872,49152,-85.42066955566406
1702449012.5693245,51200,-82.3255615234375
1702449016.2888818,53248,-80.73770904541016
1702449020.0156276,55296,-79.30818939208984
1702449023.6719687,57344,-77.83084869384766
1702449027.258866,59392,-74.58230590820312
1702449030.972063,61440,-72.75259399414062
1702449034.6464362,63488,-70.88934326171875
1702449038.5103133,65536,-69.64674377441406
1702449042.1783993,67584,-65.81941986083984
1702449045.8278637,69632,-64.06958770751953
1702449049.5772274,71680,-62.32413101196289
1702449053.2486053,73728,-58.20796585083008
1702449057.052101,75776,-56.10582733154297
1702449060.815473,77824,-54.10277557373047
1702449064.4655368,79872,-51.98527526855469
1702449068.4244144,81920,-49.46500778198242
1702449072.1045241,83968,-47.60951614379883
1702449075.8394275,86016,-46.15264892578125
1702449079.4941561,88064,-44.837982177734375
1702449083.1801784,90112,-43.060340881347656
1702449086.8967066,92160,-41.0941276550293
1702449090.5770376,94208,-40.75709533691406
1702449094.2794375,96256,-39.18846893310547
1702449098.1978583,98304,-34.9752197265625
1702449101.8888507,100352,-33.04119110107422
1702449105.5690486,102400,-31.449691772460938
1702449109.3268788,104448,-31.098562240600586
1702449113.0295608,106496,-31.460956573486328
1702449116.6790876,108544,-31.61593246459961
1702449120.376363,110592,-33.9970588684082
1702449124.1107843,112640,-31.585588455200195
1702449127.52849,114688,-28.575389862060547
1702449131.201546,116736,-26.14667510986328
1702449134.916156,118784,-24.19217872619629
1702449138.644775,120832,-21.399810791015625
1702449142.4108737,122880,-19.835298538208008
1702449146.0799255,124928,-16.451967239379883
1702449149.7682748,126976,-14.4080228805542
1702449153.5023553,129024,-12.212648391723633
1702449157.4962616,131072,-9.941361427307129
1702449161.163461,133120,-5.813256740570068
1702449164.8055263,135168,-3.7760512828826904
1702449168.455772,137216,-1.7153934240341187
1702449172.1866581,139264,0.2523883879184723
1702449175.9680333,141312,4.330009460449219
1702449179.6745691,143360,6.005444526672363
1702449183.3158052,145408,8.31589412689209
1702449187.2666266,147456,10.7932767868042
1702449190.993221,149504,12.931801795959473
1702449194.6434546,151552,14.748388290405273
1702449198.3463922,153600,16.75038719177246
1702449202.0796528,155648,18.613847732543945
1702449205.7802448,157696,22.3768367767334
1702449209.4969254,159744,24.44230842590332
1702449213.151435,161792,26.363670349121094
1702449216.8747873,163840,27.893047332763672
1702449220.431562,165888,29.768381118774414
1702449224.1674416,167936,31.572589874267578
1702449227.8702042,169984,33.47032928466797
1702449231.5108716,172032,36.9115104675293
1702449235.117595,174080,38.55821990966797
1702449238.884873,176128,37.807106018066406
1702449242.571805,178176,41.46660232543945
1702449246.440936,180224,42.90705490112305
1702449250.17612,182272,44.60567855834961
1702449253.8981092,184320,45.3501091003418
1702449257.5385888,186368,48.25910568237305
1702449261.301383,188416,47.34148406982422
1702449265.036767,190464,44.34882736206055
1702449268.6767094,192512,44.22481918334961
1702449272.3440244,194560,45.25801086425781
1702449276.0095296,196608,46.52276611328125
1702449279.441812,198656,47.58140182495117
1702449283.156366,200704,49.6497917175293
1702449286.7967172,202752,52.227962493896484
1702449290.4849246,204800,55.74507141113281
1702449294.2334638,206848,56.523258209228516
1702449297.9039865,208896,59.47328567504883
1702449301.5453904,210944,60.88610076904297
1702449305.2458034,212992,61.53660583496094
1702449308.6922517,215040,62.23515701293945
1702449312.3384366,217088,66.61551666259766
1702449316.042037,219136,67.2123794555664
1702449319.66836,221184,66.82783508300781
1702449323.3704884,223232,69.05792236328125
1702449327.0561388,225280,70.24909210205078
1702449330.680761,227328,72.43257904052734
1702449334.3315117,229376,78.48625946044922
1702449338.1978323,231424,80.33654022216797
1702449341.8978162,233472,80.90241241455078
1702449345.584098,235520,85.9323501586914
1702449349.2653153,237568,89.33663177490234
1702449352.9677548,239616,92.43769836425781
1702449356.7022781,241664,97.13069915771484
1702449360.3523502,243712,99.45521545410156
1702449363.9766943,245760,102.91049194335938
1702449367.4997911,247808,106.99564361572266
1702449371.040786,249856,108.00648498535156
1702449374.7119923,251904,109.15203857421875
1702449378.330011,253952,109.82901763916016
1702449382.0405762,256000,112.75676727294922
1702449385.7907128,258048,115.71027374267578
1702449389.4783201,260096,117.18881225585938
1702449393.1496239,262144,120.54170989990234
1702449397.022798,264192,122.07228088378906
1702449400.663626,266240,123.34847259521484
1702449404.390995,268288,124.20452117919922
1702449408.0641463,270336,125.74492645263672
1702449411.7455919,272384,127.21772766113281
1702449415.5437064,274432,127.81436157226562
1702449419.2400308,276480,129.2450714111328
1702449422.8590834,278528,128.8043975830078
1702449426.7084131,280576,130.0545654296875
1702449430.3482783,282624,134.49899291992188
1702449434.0304554,284672,137.37461853027344
1702449437.7612288,286720,138.7389678955078
1702449441.42734,288768,141.12525939941406
1702449445.1299393,290816,142.063720703125
1702449448.7859647,292864,143.3907470703125
1702449452.5192811,294912,145.34732055664062
1702449456.4133563,296960,147.90846252441406
1702449460.0858786,299008,149.2991485595703
1702449463.7739801,301056,153.86741638183594
1702449467.5225894,303104,154.8998565673828
1702449471.210921,305152,155.80657958984375
1702449474.8354414,307200,157.77273559570312
1702449478.5369055,309248,158.72828674316406
1702449482.2413423,311296,161.17665100097656
1702449486.083891,313344,165.5806884765625
1702449489.786446,315392,166.268310546875
1702449493.4655972,317440,168.10279846191406
1702449497.225053,319488,169.82888793945312
1702449500.952959,321536,172.49169921875
1702449504.5789907,323584,173.1586456298828
1702449508.3139274,325632,177.1044158935547
1702449511.9704106,327680,180.60931396484375
1702449515.789439,329728,186.60752868652344
1702449519.4529722,331776,189.61289978027344
1702449523.163536,333824,193.4713134765625
1702449526.8807905,335872,192.18698120117188
1702449530.53557,337920,193.05491638183594
1702449534.1689677,339968,194.70574951171875
1702449537.8883479,342016,195.68540954589844
1702449541.5218682,344064,196.30104064941406
1702449545.3102205,346112,197.7306365966797
1702449548.9801044,348160,198.37429809570312
1702449552.7214894,350208,201.62945556640625
1702449556.3614037,352256,199.802490234375
1702449560.0317621,354304,200.26710510253906
1702449563.7338996,356352,204.19802856445312
1702449567.4139156,358400,204.8555450439453
1702449571.0974555,360448,205.73641967773438
1702449574.817006,362496,204.82240295410156
1702449578.7012513,364544,205.1772918701172
1702449582.4008408,366592,205.78590393066406
1702449586.0905006,368640,206.3646240234375
1702449589.7753534,370688,209.17295837402344
1702449593.4463606,372736,211.84820556640625
1702449597.127495,374784,212.15643310546875
1702449600.8438413,376832,212.63470458984375
1702449604.5471087,378880,212.85601806640625
1702449608.3488138,380928,213.87295532226562
1702449612.0960402,382976,213.96624755859375
1702449615.77999,385024,214.35240173339844
1702449619.3904505,387072,214.55662536621094
1702449623.1040788,389120,211.96861267089844
1702449626.7997463,391168,216.8087158203125
1702449630.3300416,393216,217.21275329589844
1702449633.9470034,395264,217.30674743652344
1702449637.7714326,397312,219.4967041015625
1702449641.4180598,399360,219.8277130126953
1702449645.1297991,401408,220.23501586914062
1702449648.8002741,403456,220.54244995117188
1702449652.455494,405504,222.6881866455078
1702449656.153126,407552,226.10484313964844
1702449659.960675,409600,222.381591796875
1702449663.6399295,411648,226.38230895996094
1702449667.5398476,413696,226.4664764404297
1702449671.2342346,415744,226.96151733398438
1702449674.9477265,417792,233.6008758544922
1702449678.5872066,419840,233.7193603515625
1702449682.2920163,421888,232.2152862548828
1702449685.963142,423936,230.38833618164062
1702449689.5888996,425984,230.58407592773438
1702449693.3811648,428032,230.7149200439453
1702449697.206135,430080,230.82223510742188
1702449700.903733,432128,230.8938751220703
1702449704.5448558,434176,231.00511169433594
1702449708.201736,436224,230.90982055664062
1702449711.9018776,438272,230.96678161621094
1702449715.6017072,440320,231.08370971679688
1702449719.2255409,442368,231.14141845703125
1702449722.8599143,444416,231.21395874023438
1702449726.6914175,446464,228.24180603027344
1702449730.3945837,448512,228.17861938476562
1702449734.1301467,450560,228.1710968017578
1702449737.8801148,452608,228.2447509765625
1702449741.5763516,454656,228.3564453125
1702449745.2880287,456704,228.45799255371094
1702449749.1264822,458752,230.32237243652344
1702449752.8006127,460800,230.34628295898438
1702449756.4426303,462848,230.264892578125
1702449759.9783382,464896,230.2962188720703
1702449763.6504576,466944,230.3115997314453
1702449767.3698754,468992,230.36395263671875
1702449771.0897925,471040,230.37965393066406
1702449774.8233783,473088,234.16714477539062
1702449778.3959982,475136,234.1883544921875
1702449782.0190125,477184,234.31982421875
1702449785.8574622,479232,234.41354370117188
1702449789.5949068,481280,231.4665985107422
1702449793.2284136,483328,231.66558837890625
1702449797.0091636,485376,229.93325805664062
1702449800.6496987,487424,229.98812866210938
1702449804.320658,489472,230.0340576171875
1702449808.0543227,491520,233.47288513183594
1702449811.8427186,493568,233.56674194335938
1702449815.6432788,495616,233.7698516845703
1702449819.3848176,497664,233.8118896484375
1702449823.0965364,499712,236.00567626953125
1702449826.7768433,501760,238.06932067871094
